time,flux,flux_err,time_original,timecorr,cadenceno,centroid_col,centroid_row,sap_flux,sap_flux_err,sap_bkg,sap_bkg_err,pdcsap_flux,pdcsap_flux_err,quality,psf_centr1,psf_centr1_err,psf_centr2,psf_centr2_err,mom_centr1,mom_centr1_err,mom_centr2,mom_centr2_err,pos_corr1,pos_corr2
-0.2946338145879963,0.995960591881508,0.007308626380107525,2647.849141885328,1.2162320e-03,1022683,273.63376,17.94898,6.9636798e+02,4.6775131e+00,4.7219839e+02,2.0552442e+00,8.4405627e+02,6.1939116e+00,0,nan,nan,nan,nan,273.63376,4.1368408e-03,17.94898,4.3639923e-03,1.9825324e-03,-2.4069287e-03
-0.29324492608748187,1.0031652002030345,0.007314496565127815,2647.8505307738287,1.2162322e-03,1022684,273.63926,17.94963,7.0115070e+02,4.6812057e+00,4.7095840e+02,2.0489290e+00,8.5015033e+02,6.1988015e+00,0,nan,nan,nan,nan,273.63926,4.1182828e-03,17.94963,4.3230141e-03,2.9284388e-03,-2.8345159e-03
-0.29185603770429225,0.9909369720038121,0.007307612244364554,2647.851919662212,1.2162323e-03,1022685,273.64053,17.94874,6.9375647e+02,4.6767364e+00,4.7210583e+02,2.0535302e+00,8.3977588e+02,6.1928830e+00,0,nan,nan,nan,nan,273.64053,4.1538724e-03,17.94874,4.3880227e-03,7.1448018e-03,-3.9767423e-03
-0.2904671493211026,1.0002764735812348,0.0073145298570915585,2647.853308550595,1.2162324e-03,1022686,273.63338,17.95204,6.9958575e+02,4.6810999e+00,4.7292371e+02,2.0531332e+00,8.4767926e+02,6.1986613e+00,0,nan,nan,nan,nan,273.63338,4.1220714e-03,17.95204,4.3467982e-03,9.8830706e-04,-2.6134790e-03
-0.289078260937913,0.9862416798395522,0.0073066794093416395,2647.8546974389783,1.2162325e-03,1022687,273.64976,17.94586,6.9038959e+02,4.6760125e+00,4.7130148e+02,2.0558069e+00,8.3577423e+02,6.1919246e+00,0,nan,nan,nan,nan,273.64976,4.1850894e-03,17.94586,4.3947278e-03,5.1477798e-03,-4.4021355e-03
-0.2876893725538139,0.9986727183278896,0.007323240075019313,2647.8560863273624,1.2162327e-03,1022688,273.63992,17.95191,6.9781885e+02,4.6865478e+00,4.7169199e+02,2.0556841e+00,8.4629730e+02,6.2058754e+00,0,nan,nan,nan,nan,273.63992,4.1442816e-03,17.95191,4.3700114e-03,6.5709470e-04,3.2746904e-03
-0.28630048417062426,1.001026104458266,0.00731204502693449,2647.8574752157456,1.2162328e-03,1022689,273.64145,17.95789,6.9992194e+02,4.6793213e+00,4.6906641e+02,2.0500970e+00,8.4828033e+02,6.1963058e+00,0,nan,nan,nan,nan,273.64145,4.1261055e-03,17.95789,4.3437127e-03,4.9255798e-03,-4.5906808e-03
-0.2849115956710193,1.0002311080153816,0.007314361733267095,2647.858864104245,1.2162330e-03,1022690,273.64198,17.94521,6.9921802e+02,4.6807413e+00,4.6551099e+02,2.0494504e+00,8.4759534e+02,6.1981864e+00,0,nan,nan,nan,nan,273.64198,4.1273120e-03,17.94521,4.3492611e-03,1.5567652e-03,-4.2222501e-03
-0.2835227072869202,1.0008766163428153,0.007315075067600114,2647.8602529926293,1.2162331e-03,1022691,273.63371,17.95790,6.9993506e+02,4.6811361e+00,4.6980026e+02,2.0516737e+00,8.4813110e+02,6.1987090e+00,0,nan,nan,nan,nan,273.63371,4.1209059e-03,17.95790,4.3488583e-03,2.1319998e-04,1.9735948e-04
-0.28213381890373057,1.0062491469505823,0.007325191731150164,2647.8616418810125,1.2162332e-03,1022692,273.64040,17.94062,7.0283557e+02,4.6875482e+00,4.7239294e+02,2.0559528e+00,8.5267255e+02,6.2072001e+00,0,nan,nan,nan,nan,273.64040,4.1172202e-03,17.94062,4.3381844e-03,5.0464110e-03,-8.9237122e-03
-0.28074493052054095,1.0093153630463623,0.007316432875103847,2647.8630307693957,1.2162334e-03,1022693,273.63893,17.95094,7.0494043e+02,4.6818819e+00,4.6867947e+02,2.0478148e+00,8.5525952e+02,6.1996965e+00,0,nan,nan,nan,nan,273.63893,4.1046604e-03,17.95094,4.3195379e-03,-1.5255873e-03,-4.2456712e-05
-0.2793560421373513,0.9909233277506216,0.007302667436647851,2647.864419657779,1.2162335e-03,1022694,273.64291,17.95030,6.9293030e+02,4.6730118e+00,4.7350833e+02,2.0537438e+00,8.3966382e+02,6.1879516e+00,0,nan,nan,nan,nan,273.64291,4.1580326e-03,17.95030,4.3795281e-03,3.9663562e-03,-7.9663954e-04
-0.2779671537541617,0.9947535818059743,0.007312454369913542,2647.865808546162,1.2162336e-03,1022695,273.63202,17.95185,6.9567389e+02,4.6792140e+00,4.7137732e+02,2.0532923e+00,8.4289844e+02,6.1961641e+00,0,nan,nan,nan,nan,273.63202,4.1548708e-03,17.95185,4.3748519e-03,-1.4399507e-03,-3.4713265e-04
-0.2765782653714268,0.9909909050259592,0.007341199008700019,2647.867197434545,1.2162337e-03,1022696,273.63778,17.94878,6.9330554e+02,4.6975470e+00,4.7420712e+02,2.0587575e+00,8.3969934e+02,6.2204404e+00,0,nan,nan,nan,nan,273.63778,4.1679475e-03,17.94878,4.4110008e-03,6.1743106e-03,-1.0015547e-02
-0.2751893769882372,0.9912313988492134,0.007306919513264902,2647.868586322928,1.2162338e-03,1022697,273.63950,17.95035,6.9332721e+02,4.6755519e+00,4.7138672e+02,2.0547972e+00,8.3989233e+02,6.1913147e+00,0,nan,nan,nan,nan,273.63950,4.1563204e-03,17.95035,4.3773614e-03,3.5606520e-04,-8.3127699e-04
-0.27380048860459283,1.0054334654081551,0.007323677157779804,2647.8699752113116,1.2162339e-03,1022698,273.64406,17.95215,7.0233527e+02,4.6862149e+00,4.7421732e+02,2.0518062e+00,8.5191516e+02,6.2054348e+00,0,nan,nan,nan,nan,273.64406,4.1116457e-03,17.95215,4.3377695e-03,2.5630265e-03,-2.0571793e-03
-0.27241160022094846,1.0065026765429488,0.007323632498378169,2647.8713640996953,1.2162341e-03,1022699,273.64433,17.94947,7.0313702e+02,4.6861267e+00,4.7105472e+02,2.0528908e+00,8.5281024e+02,6.2053180e+00,0,nan,nan,nan,nan,273.64433,4.1124732e-03,17.94947,4.3264278e-03,7.7425665e-03,-6.8236706e-03
-0.27102271183775883,1.0063742336825863,0.007324556217324537,2647.8727529880784,1.2162342e-03,1022700,273.64307,17.95381,7.0302979e+02,4.6866589e+00,4.7103726e+02,2.0510142e+00,8.5269067e+02,6.2060223e+00,0,nan,nan,nan,nan,273.64307,4.1205171e-03,17.95381,4.3241312e-03,1.1224550e-03,-1.2702445e-03
-0.26963382345502396,0.9975917054195632,0.0073106955265530285,2647.874141876461,1.2162343e-03,1022701,273.63971,17.94900,6.9758008e+02,4.6777310e+00,4.6981284e+02,2.0501034e+00,8.4523871e+02,6.1942000e+00,0,nan,nan,nan,nan,273.63971,4.1322149e-03,17.94900,4.3617482e-03,4.1899001e-04,-3.7264337e-03
-0.26824493507183433,1.0097549865277102,0.007322654237235447,2647.8755307648444,1.2162344e-03,1022702,273.63980,17.94383,7.0537988e+02,4.6853242e+00,4.6835501e+02,2.0526078e+00,8.5553369e+02,6.2042551e+00,0,nan,nan,nan,nan,273.63980,4.0946617e-03,17.94383,4.3147076e-03,6.4693000e-03,-4.7677378e-03
-0.2668560466886447,0.998570038361316,0.007313293262747137,2647.8769196532276,1.2162345e-03,1022703,273.63173,17.94608,6.9805438e+02,4.6792765e+00,4.7274384e+02,2.0529664e+00,8.4604651e+02,6.1962466e+00,0,nan,nan,nan,nan,273.63173,4.1224789e-03,17.94608,4.3607848e-03,-6.3493415e-03,-4.0885131e-03
-0.2654671583054551,1.0037627338036974,0.007322108194400741,2647.8783085416107,1.2162346e-03,1022704,273.64156,17.95359,7.0096655e+02,4.6848578e+00,4.7024960e+02,2.0521085e+00,8.5043549e+02,6.2036381e+00,0,nan,nan,nan,nan,273.64156,4.1298200e-03,17.95359,4.3405239e-03,9.5499381e-03,1.2480420e-04
-0.26407826992226546,1.005308037279134,0.007324360060070833,2647.879697429994,1.2162348e-03,1022705,273.63288,17.94778,7.0204224e+02,4.6862411e+00,4.7166034e+02,2.0518227e+00,8.5173431e+02,6.2054696e+00,0,nan,nan,nan,nan,273.63288,4.1139675e-03,17.94778,4.3440103e-03,3.1121161e-03,-7.1364744e-03
-0.26268938153816634,0.9989069228311431,0.0073145882365495685,2647.881086318378,1.2162349e-03,1022706,273.63810,17.95059,6.9808075e+02,4.6799321e+00,4.7207089e+02,2.0538070e+00,8.4630066e+02,6.1971149e+00,0,nan,nan,nan,nan,273.63810,4.1377079e-03,17.95059,4.3493602e-03,9.4684848e-04,4.0559443e-03
-0.2613004931549767,0.9990688523423564,0.007310114647413996,2647.8824752067612,1.2162350e-03,1022707,273.63709,17.94765,6.9828619e+02,4.6770129e+00,4.7006335e+02,2.0506394e+00,8.4642755e+02,6.1932492e+00,0,nan,nan,nan,nan,273.63709,4.1312869e-03,17.94765,4.3543219e-03,7.1643251e-03,-1.9547262e-03
-0.25991160477224184,1.014736733761377,0.007348902920662009,2647.883864095144,1.2162351e-03,1022708,273.63232,17.94962,7.0799622e+02,4.7017722e+00,4.7104944e+02,2.0559547e+00,8.5969116e+02,6.2260356e+00,0,nan,nan,nan,nan,273.63232,4.0852805e-03,17.94962,4.3211021e-03,2.5600910e-03,-7.0348829e-03
-0.2585227163890522,0.9902239134228955,0.0073054832448943945,2647.885252983527,1.2162352e-03,1022709,273.63404,17.95462,6.9273358e+02,4.6739364e+00,4.7218448e+02,2.0519660e+00,8.3891370e+02,6.1891756e+00,0,nan,nan,nan,nan,273.63404,4.1570729e-03,17.95462,4.3787919e-03,1.8601619e-03,-4.8061954e-03
-0.2571338280058626,1.0072289160196621,0.007316313844114637,2647.8866418719103,1.2162353e-03,1022710,273.64233,17.95384,7.0338031e+02,4.6808095e+00,4.6734018e+02,2.0479071e+00,8.5331006e+02,6.1982770e+00,0,nan,nan,nan,nan,273.64233,4.1218190e-03,17.95384,4.3199467e-03,3.4923473e-04,-5.2724546e-04
-0.2557449396231277,0.9945860538889213,0.007315203542936968,2647.888030760293,1.2162355e-03,1022711,273.63692,17.95346,6.9536078e+02,4.6800437e+00,4.7031061e+02,2.0563886e+00,8.4258911e+02,6.1972628e+00,0,nan,nan,nan,nan,273.63692,4.1563362e-03,17.95346,4.3618064e-03,3.4129221e-03,-3.3016356e-03
-0.2543560512390286,1.0010539728243322,0.0073256910016656325,2647.889419648677,1.2162356e-03,1022712,273.63945,17.95492,6.9882867e+02,4.6866980e+00,4.6938998e+02,2.0531080e+00,8.4805853e+02,6.2060738e+00,0,nan,nan,nan,nan,273.63945,4.1265786e-03,17.95492,4.3626968e-03,4.1489936e-03,2.6995258e-03
-0.25296716285538423,1.01238289837332,0.0073250671199169915,2647.890808537061,1.2162357e-03,1022713,273.64935,17.94563,7.0670532e+02,4.6862431e+00,4.7071771e+02,2.0525625e+00,8.5764594e+02,6.2054720e+00,0,nan,nan,nan,nan,273.64935,4.1000638e-03,17.94563,4.2956746e-03,1.5888424e-03,-8.5396497e-03
-0.25157827447264935,0.9933774173648546,0.007322993853347887,2647.8921974254436,1.2162358e-03,1022714,273.63609,17.94591,6.9485034e+02,4.6848617e+00,4.7743286e+02,2.0587397e+00,8.4153546e+02,6.2036428e+00,0,nan,nan,nan,nan,273.63609,4.1548950e-03,17.94591,4.3772026e-03,4.8767566e-03,1.3428249e-03
-0.25018938608945973,0.9872831852378261,0.00730337868544008,2647.8935863138267,1.2162359e-03,1022715,273.63939,17.95006,6.9063062e+02,4.6722589e+00,4.7391760e+02,2.0542490e+00,8.3636298e+02,6.1869540e+00,0,nan,nan,nan,nan,273.63939,4.1754963e-03,17.95006,4.3940824e-03,5.0488079e-04,-5.3347782e-03
-0.24880049782268543,0.9941101273813354,0.00730195949478295,2647.8949752020935,1.2162359e-03,1022716,273.63855,17.94630,6.9504913e+02,4.6712966e+00,4.6930560e+02,2.0532846e+00,8.4213660e+02,6.1856799e+00,0,nan,nan,nan,nan,273.63855,4.1332827e-03,17.94630,4.3550096e-03,1.0848367e-04,-6.9167423e-03
-0.2474116094394958,1.0086119024866071,0.007338193539470538,2647.8963640904767,1.2162360e-03,1022717,273.64460,17.95660,7.0446490e+02,4.6944232e+00,4.7114713e+02,2.0540266e+00,8.5441156e+02,6.2163033e+00,0,nan,nan,nan,nan,273.64460,4.1073840e-03,17.95660,4.3345154e-03,3.4499452e-03,1.1053178e-03
-0.24602272105676093,1.008087378076524,0.007344293137498024,2647.8977529788594,1.2162362e-03,1022718,273.63952,17.95087,7.0385547e+02,4.6982708e+00,4.7051620e+02,2.0595615e+00,8.5395740e+02,6.2213988e+00,0,nan,nan,nan,nan,273.63952,4.1160802e-03,17.95087,4.3433025e-03,1.3068693e-03,-3.7644303e-03
-0.24463383267311656,0.9972697963117582,0.007330559696106659,2647.899141867243,1.2162363e-03,1022719,273.64306,17.94351,6.9742767e+02,4.6894321e+00,4.6897360e+02,2.0534685e+00,8.4478418e+02,6.2096944e+00,0,nan,nan,nan,nan,273.64306,4.1335598e-03,17.94351,4.3739076e-03,3.0323106e-03,-4.8804125e-03
-0.24324494428901744,1.0014253680333434,0.0073184215320763555,2647.900530755627,1.2162364e-03,1022720,273.64491,17.95069,6.9846118e+02,4.6816144e+00,4.7047562e+02,2.0543542e+00,8.4829474e+02,6.1993423e+00,0,nan,nan,nan,nan,273.64491,4.1325344e-03,17.95069,4.3466655e-03,9.0585910e-03,-7.6791912e-04
-0.24185605590628256,0.9902127358203991,0.007308153793834049,2647.90191964401,1.2162365e-03,1022721,273.63268,17.95312,6.9270038e+02,4.6749930e+00,4.7119943e+02,2.0561380e+00,8.3878723e+02,6.1905746e+00,0,nan,nan,nan,nan,273.63268,4.1470514e-03,17.95312,4.3848855e-03,8.3383883e-04,-3.5891624e-03
-0.24046716763950826,0.9915499673516441,0.0073112160409415945,2647.9033085322767,1.2162365e-03,1022722,273.63763,17.94587,6.9337695e+02,4.6768999e+00,4.7299713e+02,2.0541239e+00,8.3991052e+02,6.1930995e+00,0,nan,nan,nan,nan,273.63763,4.1504544e-03,17.94587,4.3832720e-03,4.0075514e-03,-1.6542907e-03
-0.2390782792558639,1.0012619084199375,0.007320485964358199,2647.9046974206603,1.2162366e-03,1022723,273.63913,17.95491,6.9923755e+02,4.6827774e+00,4.7064371e+02,2.0502028e+00,8.4812775e+02,6.2008824e+00,0,nan,nan,nan,nan,273.63913,4.1369633e-03,17.95491,4.3540513e-03,-2.8255333e-03,-4.3095261e-04
-0.23768939087221952,1.0023045880728239,0.007324817757003996,2647.906086309044,1.2162367e-03,1022724,273.64095,17.95202,7.0021863e+02,4.6854963e+00,4.7264188e+02,2.0578158e+00,8.4900159e+02,6.2044830e+00,0,nan,nan,nan,nan,273.64095,4.1172588e-03,17.95202,4.3513440e-03,7.2419099e-03,-5.9199766e-03
-0.2363005024890299,1.0084703746347965,0.007333858514496435,2647.907475197427,1.2162369e-03,1022725,273.63795,17.94913,7.0361426e+02,4.6912279e+00,4.7076578e+02,2.0551808e+00,8.5421490e+02,6.2120728e+00,0,nan,nan,nan,nan,273.63795,4.1058282e-03,17.94913,4.3462222e-03,4.1343961e-03,-2.9925853e-03
-0.23491161410538552,1.000028919790541,0.007318272950331091,2647.908864085811,1.2162370e-03,1022726,273.63177,17.94898,6.9851404e+02,4.6812072e+00,4.7128696e+02,2.0511885e+00,8.4705542e+02,6.1988034e+00,0,nan,nan,nan,nan,273.63177,4.1198377e-03,17.94898,4.3598181e-03,3.7026001e-04,-1.2704683e-03
-0.23352272583815648,0.9881224709657449,0.007323697334850661,2647.910252974078,1.2162370e-03,1022727,273.64086,17.94857,6.9066724e+02,4.6846256e+00,4.6968268e+02,2.0521929e+00,8.3696118e+02,6.2033305e+00,0,nan,nan,nan,nan,273.64086,4.1744541e-03,17.94857,4.4193706e-03,3.0065982e-03,-4.2436272e-03
-0.23213383745496685,1.0084117282830871,0.007316091890604701,2647.9116418624612,1.2162371e-03,1022728,273.64094,17.95520,7.0407178e+02,4.6797109e+00,4.6882523e+02,2.0495725e+00,8.5413739e+02,6.1968217e+00,0,nan,nan,nan,nan,273.64094,4.1039954e-03,17.95520,4.3179491e-03,-4.5393649e-04,1.0598665e-03
-0.23074494907177723,1.0004594706436845,0.007321269148274295,2647.9130307508444,1.2162372e-03,1022729,273.63682,17.94773,6.9936267e+02,4.6829720e+00,4.7261646e+02,2.0537748e+00,8.4739270e+02,6.2011404e+00,0,nan,nan,nan,nan,273.63682,4.1300254e-03,17.94773,4.3468964e-03,2.8555989e-03,-6.0708751e-03
-0.22935606068904235,1.0052480924185474,0.007313135586677606,2647.914419639227,1.2162373e-03,1022730,273.63661,17.94499,7.0044330e+02,4.6777196e+00,4.6761630e+02,2.0494080e+00,8.5143951e+02,6.1941853e+00,0,nan,nan,nan,nan,273.63661,4.1123652e-03,17.94499,4.3393169e-03,8.4230248e-03,-3.7632501e-03
-0.22796717242226805,1.002732285554998,0.00732122843476306,2647.915808527494,1.2162373e-03,1022731,273.63934,17.95074,7.0022137e+02,4.6828461e+00,4.7075464e+02,2.0519683e+00,8.4929962e+02,6.2009740e+00,0,nan,nan,nan,nan,273.63934,4.1265567e-03,17.95074,4.3368819e-03,2.8673897e-03,2.6088736e-03
-0.22657828403907843,1.0097250263514093,0.007327392304767783,2647.917197415877,1.2162374e-03,1022732,273.64489,17.94527,7.0482349e+02,4.6867399e+00,4.6920023e+02,2.0511715e+00,8.5521344e+02,6.2061296e+00,0,nan,nan,nan,nan,273.64489,4.0954822e-03,17.94527,4.3148249e-03,4.2648735e-03,-3.1003919e-03
-0.22518939565543405,0.9950490787798213,0.007315087823910932,2647.9185863042608,1.2162375e-03,1022733,273.63654,17.94307,6.9557251e+02,4.6788206e+00,4.7000293e+02,2.0538149e+00,8.4277441e+02,6.1956429e+00,0,nan,nan,nan,nan,273.63654,4.1392357e-03,17.94307,4.3760869e-03,-5.8752543e-04,-2.9699141e-03
-0.223800507388205,0.9983538322270228,0.007317584248641492,2647.919975192528,1.2162375e-03,1022734,273.64386,17.94764,6.9707391e+02,4.6803684e+00,4.6986099e+02,2.0532184e+00,8.4556464e+02,6.1976929e+00,0,nan,nan,nan,nan,273.64386,4.1439063e-03,17.94764,4.3599857e-03,6.7252037e-03,-4.9782000e-03
-0.22241161900501538,0.9938641173341044,0.00731837962990742,2647.921364080911,1.2162377e-03,1022735,273.63798,17.95184,6.9447870e+02,4.6808286e+00,4.7154343e+02,2.0574756e+00,8.4175330e+02,6.1983023e+00,0,nan,nan,nan,nan,273.63798,4.1594636e-03,17.95184,4.3727583e-03,1.3408565e-03,-4.6511600e-03
-0.22102273062182576,1.0011818534223025,0.007332718131277408,2647.9227529692944,1.2162378e-03,1022736,273.63935,17.95050,6.9861145e+02,4.6899514e+00,4.7327536e+02,2.0568485e+00,8.4794238e+02,6.2103825e+00,0,nan,nan,nan,nan,273.63935,4.1374788e-03,17.95050,4.3658107e-03,6.1886716e-03,-2.7963212e-03
-0.2196338423555062,1.0017842799600472,0.007316469001974839,2647.9241418575607,1.2162378e-03,1022737,273.63993,17.95201,6.9928851e+02,4.6795106e+00,4.7193198e+02,2.0521801e+00,8.4844391e+02,6.1965570e+00,0,nan,nan,nan,nan,273.63993,4.1276217e-03,17.95201,4.3475959e-03,-2.1484923e-03,1.5786007e-03
-0.21824495397231658,1.0071166095826962,0.0073243374879332435,2647.925530745944,1.2162379e-03,1022738,273.63984,17.94930,7.0264197e+02,4.6844959e+00,4.7036072e+02,2.0502350e+00,8.5295142e+02,6.2031584e+00,0,nan,nan,nan,nan,273.63984,4.1051768e-03,17.94930,4.3342686e-03,3.2428748e-03,-2.9704280e-03
-0.2168560655895817,0.9954840354855581,0.007315389712716697,2647.9269196343266,1.2162380e-03,1022739,273.63735,17.95315,6.9541791e+02,4.6787262e+00,4.7291129e+02,2.0527484e+00,8.4309100e+02,6.1955180e+00,0,nan,nan,nan,nan,273.63735,4.1479887e-03,17.95315,4.3722801e-03,5.4244953e-03,-6.7070634e-03
-0.2154671773218979,1.0043249321200864,0.007343411566020291,2647.9283085225943,1.2162380e-03,1022740,273.63498,17.95354,7.0120813e+02,4.6966009e+00,4.6873730e+02,2.0538256e+00,8.5057001e+02,6.2191877e+00,0,nan,nan,nan,nan,273.63498,4.1271104e-03,17.95354,4.3561119e-03,8.2239293e-04,1.1524071e-04
-0.21407828893825354,0.9933214413042144,0.007304546444423475,2647.929697410978,1.2162381e-03,1022741,273.64625,17.95758,6.9394934e+02,4.6716976e+00,4.6975003e+02,2.0501852e+00,8.4124268e+02,6.1862111e+00,0,nan,nan,nan,nan,273.64625,4.1590817e-03,17.95758,4.3684179e-03,3.7678366e-03,-4.0110243e-03
-0.21268940067193398,0.9979706983044705,0.007321921093944326,2647.9310862992443,1.2162381e-03,1022742,273.63880,17.95324,6.9680438e+02,4.6827636e+00,4.7377756e+02,2.0585511e+00,8.4517175e+02,6.2008643e+00,0,nan,nan,nan,nan,273.63880,4.1374746e-03,17.95324,4.3648980e-03,-5.1366561e-03,-3.4921400e-03
-0.21130051228874436,0.9993808833935384,0.007322229915671573,2647.9324751876275,1.2162382e-03,1022743,273.64198,17.94472,6.9775623e+02,4.6829152e+00,4.7173160e+02,2.0515084e+00,8.4635773e+02,6.2010651e+00,0,nan,nan,nan,nan,273.64198,4.1384506e-03,17.94472,4.3577519e-03,9.9507510e-04,-3.5844357e-03
-0.20991162390555473,0.9966231237293712,0.007315817605739586,2647.9338640760107,1.2162384e-03,1022744,273.64355,17.95035,6.9598346e+02,4.6787686e+00,4.7033575e+02,2.0502853e+00,8.4401404e+02,6.1955743e+00,0,nan,nan,nan,nan,273.64355,4.1503301e-03,17.95035,4.3696528e-03,4.2433580e-03,-5.9371237e-03
-0.20852273563878043,1.0021290283469528,0.007323673937462713,2647.9352529642774,1.2162384e-03,1022745,273.64287,17.94342,6.9984924e+02,4.6837478e+00,4.7214099e+02,2.0543292e+00,8.4866858e+02,6.2021675e+00,0,nan,nan,nan,nan,273.64287,4.1329786e-03,17.94342,4.3447316e-03,2.3586060e-04,-5.7730703e-03
-0.20713384725604556,0.9935480978523543,0.007325541059957772,2647.93664185266,1.2162385e-03,1022746,273.63685,17.94441,6.9388495e+02,4.6848969e+00,4.7387744e+02,2.0566840e+00,8.4139362e+02,6.2036891e+00,0,nan,nan,nan,nan,273.63685,4.1603139e-03,17.94441,4.3862658e-03,4.3932926e-03,-2.5923795e-03
-0.2057449589888165,1.0130360677712402,0.007333853882570793,2647.9380307409274,1.2162385e-03,1022747,273.64317,17.95523,7.0647473e+02,4.6901679e+00,4.7135568e+02,2.0537961e+00,8.5788898e+02,6.2106695e+00,0,nan,nan,nan,nan,273.64317,4.0883822e-03,17.95523,4.3184273e-03,8.3246650e-03,-4.4898181e-03
-0.2043560706047174,1.0069372621586838,0.007319420503754914,2647.9394196293115,1.2162386e-03,1022748,273.63746,17.95225,7.0279938e+02,4.6808934e+00,4.6834314e+02,2.0510337e+00,8.5271613e+02,6.1983881e+00,0,nan,nan,nan,nan,273.63746,4.1113775e-03,17.95225,4.3262974e-03,-3.5315768e-03,-9.1039983e-04
-0.20296718233839783,0.9921368527675818,0.007316406672595076,2647.940808517578,1.2162386e-03,1022749,273.63551,17.94586,6.9328455e+02,4.6789222e+00,4.7298297e+02,2.0553110e+00,8.4017462e+02,6.1957774e+00,0,nan,nan,nan,nan,273.63551,4.1558780e-03,17.94586,4.3874844e-03,2.0826554e-03,-8.0339154e-03
-0.2015782939552082,0.9900059763702459,0.007311928898919953,2647.942197405961,1.2162387e-03,1022750,273.63174,17.95303,6.9159833e+02,4.6760144e+00,4.7298840e+02,2.0555146e+00,8.3836224e+02,6.1919274e+00,0,nan,nan,nan,nan,273.63174,4.1625760e-03,17.95303,4.3914868e-03,3.0399479e-03,3.0712322e-03
-0.2001894056884339,1.0074436064758627,0.007326960142372551,2647.9435862942278,1.2162387e-03,1022751,273.64199,17.94932,7.0294006e+02,4.6855836e+00,4.7174945e+02,2.0520420e+00,8.5312097e+02,6.2045989e+00,0,nan,nan,nan,nan,273.64199,4.1136532e-03,17.94932,4.3346095e-03,1.9984068e-03,-3.4244610e-03
-0.19880051730569903,0.9970235793101876,0.007316308750058304,2647.9449751826105,1.2162388e-03,1022752,273.64685,17.94763,6.9618524e+02,4.6787286e+00,4.7146164e+02,2.0537629e+00,8.4428931e+02,6.1955218e+00,0,nan,nan,nan,nan,273.64685,4.1494742e-03,17.94763,4.3607685e-03,1.9479678e-05,-7.9319058e-03
-0.19741162903892473,0.9997696265748532,0.007313190409958629,2647.9463640708773,1.2162388e-03,1022753,273.64181,17.94485,6.9829315e+02,4.6766920e+00,4.6945718e+02,2.0511174e+00,8.4660693e+02,6.1928244e+00,0,nan,nan,nan,nan,273.64181,4.1378946e-03,17.94485,4.3484927e-03,2.7775033e-03,-2.3937819e-03
-0.1960227406548256,0.9979934562628339,0.0073102237893674675,2647.9477529592614,1.2162389e-03,1022754,273.64562,17.94193,6.9712549e+02,4.6747527e+00,4.6985217e+02,2.0508530e+00,8.4509521e+02,6.1902561e+00,0,nan,nan,nan,nan,273.64562,4.1384003e-03,17.94193,4.3530143e-03,-3.5791416e-04,-1.4161202e-03
-0.1946338523880513,1.0145126136858302,0.007326844221757098,2647.949141847528,1.2162389e-03,1022755,273.63876,17.95117,7.0745782e+02,4.6853385e+00,4.6815924e+02,2.0535870e+00,8.5907581e+02,6.2042742e+00,0,nan,nan,nan,nan,273.63876,4.0841298e-03,17.95117,4.2933817e-03,3.1068921e-03,-3.8527295e-03
-0.19324496400486169,1.002821194626673,0.0073178383816779125,2647.9505307359113,1.2162391e-03,1022756,273.64267,17.94639,7.0022797e+02,4.6795378e+00,4.6768445e+02,2.0505862e+00,8.4916803e+02,6.1965928e+00,0,nan,nan,nan,nan,273.64267,4.1220291e-03,17.94639,4.3407031e-03,3.5205609e-03,-2.8889719e-03
-0.19185607573808738,1.0090844516332318,0.007324839556081138,2647.951919624178,1.2162391e-03,1022757,273.64020,17.94948,7.0406720e+02,4.6839728e+00,4.7107013e+02,2.0491538e+00,8.5446405e+02,6.2024660e+00,0,nan,nan,nan,nan,273.64020,4.1074296e-03,17.94948,4.3206047e-03,-2.3922647e-04,-4.7896421e-03
-0.19046718747085833,1.003548698164312,0.007323983613734732,2647.9533085124453,1.2162391e-03,1022758,273.63645,17.95785,7.0035510e+02,4.6833839e+00,4.7087067e+02,2.0539153e+00,8.4976898e+02,6.2016864e+00,0,nan,nan,nan,nan,273.63645,4.1303439e-03,17.95785,4.3414063e-03,2.1706319e-03,4.7672451e-03
-0.18907829908721396,0.9956567521437975,0.0073135930939778725,2647.954697400829,1.2162392e-03,1022759,273.64171,17.94220,6.9517957e+02,4.6766992e+00,4.7284277e+02,2.0533950e+00,8.4307904e+02,6.1928339e+00,0,nan,nan,nan,nan,273.64171,4.1701589e-03,17.94220,4.3486278e-03,9.2137484e-03,-7.7340817e-03
-0.18768941082043966,0.989544171332238,0.00733464531955233,2647.9560862890958,1.2162392e-03,1022760,273.64254,17.95011,6.9152686e+02,4.6901202e+00,4.7326675e+02,2.0572066e+00,8.3789587e+02,6.2106061e+00,0,nan,nan,nan,nan,273.64254,4.1753398e-03,17.95011,4.4105588e-03,2.5306859e-03,-2.3928878e-03
-0.1863005224367953,1.0033874716786964,0.007348489583616544,2647.9574751774794,1.2162393e-03,1022761,273.64197,17.95345,7.0001117e+02,4.6989326e+00,4.7280502e+02,2.0571737e+00,8.4961035e+02,6.2222753e+00,0,nan,nan,nan,nan,273.64197,4.1306391e-03,17.95345,4.3634293e-03,-2.3222961e-03,-2.3476173e-04
-0.18491163416956624,1.0040202342643023,0.007337822351078565,2647.9588640657466,1.2162393e-03,1022762,273.63771,17.93920,7.0077075e+02,4.6920714e+00,4.7133719e+02,2.0598142e+00,8.5013885e+02,6.2131896e+00,0,nan,nan,nan,nan,273.63771,4.1179713e-03,17.93920,4.3532606e-03,4.6983063e-03,-5.3065014e-03
-0.18352274590279194,0.9992664742790583,0.007313984165455837,2647.9602529540134,1.2162393e-03,1022763,273.63746,17.95207,6.9782574e+02,4.6767888e+00,4.6972723e+02,2.0524518e+00,8.4610651e+02,6.1929522e+00,0,nan,nan,nan,nan,273.63746,4.1341376e-03,17.95207,4.3452960e-03,2.7850592e-03,6.0696504e-04
-0.18213385751960232,0.9913223839686035,0.007318172061468596,2647.9616418423966,1.2162394e-03,1022764,273.64039,17.94583,6.9226953e+02,4.6794267e+00,4.7361871e+02,2.0608885e+00,8.3937292e+02,6.1964459e+00,0,nan,nan,nan,nan,273.64039,4.1691558e-03,17.94583,4.3886965e-03,3.2593589e-03,-1.1236046e-02
-0.18074496925328276,1.000202727403131,0.007319532469996318,2647.963030730663,1.2162394e-03,1022765,273.64576,17.94640,6.9845215e+02,4.6802578e+00,4.7159955e+02,2.0546179e+00,8.4688501e+02,6.1975460e+00,0,nan,nan,nan,nan,273.64576,4.1383049e-03,17.94640,4.3450631e-03,4.3523759e-03,-4.6591815e-03
-0.17935608098650846,1.004681362321892,0.007346204981625224,2647.9644196189297,1.2162394e-03,1022766,273.63967,17.95508,7.0099225e+02,4.6972733e+00,4.7139008e+02,2.0544324e+00,8.5067010e+02,6.2200785e+00,0,nan,nan,nan,nan,273.63967,4.1269525e-03,17.95508,4.3547438e-03,-1.0623122e-03,1.1026050e-03
-0.17796719260377358,1.0034585164436383,0.007326359171002684,2647.9658085073124,1.2162395e-03,1022767,273.64280,17.94479,7.0070404e+02,4.6845455e+00,4.7268872e+02,2.0536420e+00,8.4962769e+02,6.2032237e+00,0,nan,nan,nan,nan,273.64280,4.1196481e-03,17.94479,4.3481002e-03,4.9661882e-03,-1.1644947e-03
-0.1765783043360898,1.008402173632025,0.00733206162983888,2647.96719739558,1.2162395e-03,1022768,273.63816,17.95247,7.0385687e+02,4.6881533e+00,4.7027774e+02,2.0502264e+00,8.5380652e+02,6.2080016e+00,0,nan,nan,nan,nan,273.63816,4.1102162e-03,17.95247,4.3175416e-03,-1.3632448e-03,-7.2024339e-03
-0.17518941606886074,0.9995307224035064,0.0073152138824658245,2647.9685862838473,1.2162395e-03,1022769,273.63622,17.94930,6.9768658e+02,4.6773429e+00,4.6932623e+02,2.0515258e+00,8.4628827e+02,6.1936865e+00,0,nan,nan,nan,nan,273.63622,4.1281478e-03,17.94930,4.3463251e-03,5.4364209e-03,-6.6892098e-05
-0.1738005276856711,1.0094239074265177,0.0073196752500712566,2647.9699751722305,1.2162396e-03,1022770,273.63415,17.94367,7.0416846e+02,4.6801577e+00,4.6897064e+02,2.0491772e+00,8.5465784e+02,6.1974139e+00,0,nan,nan,nan,nan,273.63415,4.1003982e-03,17.94367,4.3201144e-03,2.5677122e-03,-5.2092890e-03
-0.17241163941935156,1.0088790201067326,0.0073265703748771885,2647.971364060497,1.2162396e-03,1022771,273.64252,17.95812,7.0369623e+02,4.6845293e+00,4.7070807e+02,2.0495412e+00,8.5418970e+02,6.2032027e+00,0,nan,nan,nan,nan,273.64252,4.1126437e-03,17.95812,4.3173027e-03,7.0485696e-03,-2.0668050e-03
-0.17102275115257726,0.998769082550439,0.007319644691925869,2647.9727529487636,1.2162396e-03,1022772,273.64327,17.93630,6.9726959e+02,4.6800637e+00,4.7033267e+02,2.0522170e+00,8.4562323e+02,6.1972899e+00,0,nan,nan,nan,nan,273.64327,4.1412488e-03,17.93630,4.3600057e-03,3.8442959e-03,-6.6701877e-03
-0.16963386288580296,1.0021755988847103,0.007329862650483887,2647.9741418370304,1.2162396e-03,1022773,273.63556,17.95078,6.9950446e+02,4.6865611e+00,4.7144443e+02,2.0593367e+00,8.4850079e+02,6.2058926e+00,0,nan,nan,nan,nan,273.63556,4.1361097e-03,17.95078,4.3366938e-03,-3.4707272e-03,2.7214029e-04
-0.16824497450261333,1.0002894581568196,0.0073177298309276256,2647.9755307254136,1.2162398e-03,1022774,273.64260,17.94618,6.9852777e+02,4.6787667e+00,4.7135458e+02,2.0509007e+00,8.4689728e+02,6.1955719e+00,0,nan,nan,nan,nan,273.64260,4.1332222e-03,17.94618,4.3516131e-03,6.9189970e-03,-3.7778979e-03
-0.16685608623583903,0.9900668323142913,0.007312571218607456,2647.9769196136804,1.2162398e-03,1022775,273.64023,17.95598,6.9181824e+02,4.6754322e+00,4.7184042e+02,2.0534196e+00,8.3823578e+02,6.1911569e+00,0,nan,nan,nan,nan,273.64023,4.1659027e-03,17.95598,4.3901922e-03,3.9395085e-03,-1.9570207e-03
-0.16546719796815523,1.002108743729946,0.0073239880429375875,2647.978308501948,1.2162398e-03,1022776,273.64434,17.94931,6.9962738e+02,4.6826963e+00,4.7110880e+02,2.0532403e+00,8.4842450e+02,6.2007751e+00,0,nan,nan,nan,nan,273.64434,4.1338718e-03,17.94931,4.3411306e-03,2.4933245e-03,1.7649144e-03
-0.16407830970138093,1.0069890743165062,0.007321147684224175,2647.979697390215,1.2162398e-03,1022777,273.63694,17.94219,7.0296887e+02,4.6808453e+00,4.6923239e+02,2.0512626e+00,8.5254993e+02,6.1983237e+00,0,nan,nan,nan,nan,273.63694,4.1061980e-03,17.94219,4.3325387e-03,4.2600222e-03,-7.1478775e-03
-0.16268942131864605,0.985613133728218,0.0073124383053640735,2647.9810862785976,1.2162399e-03,1022778,273.64529,17.94445,6.8898993e+02,4.6752415e+00,4.7292963e+02,2.0551059e+00,8.3444611e+02,6.1909037e+00,0,nan,nan,nan,nan,273.64529,4.1943728e-03,17.94445,4.3964870e-03,-1.1329609e-03,-1.8826487e-03
-0.16130053305187175,1.0033039948368627,0.007323113908311116,2647.9824751668643,1.2162399e-03,1022779,273.64466,17.95203,6.9968457e+02,4.6820321e+00,4.7054446e+02,2.0518413e+00,8.4941736e+02,6.1998959e+00,0,nan,nan,nan,nan,273.64466,4.1290959e-03,17.95203,4.3515312e-03,2.4267207e-03,5.0417631e-04
-0.1599116447855522,1.0046208419614877,0.00731829782753624,2647.9838640551307,1.2162399e-03,1022780,273.64701,17.94648,7.0105286e+02,4.6789184e+00,4.6881870e+02,2.0524778e+00,8.5052594e+02,6.1957726e+00,0,nan,nan,nan,nan,273.64701,4.1191829e-03,17.94648,4.3384433e-03,5.5946354e-03,-4.6715806e-03
-0.1585227565187779,0.9965511525606134,0.007319639033040034,2647.9852529433974,1.2162399e-03,1022781,273.64114,17.95335,6.9601929e+02,4.6797414e+00,4.7219424e+02,2.0544336e+00,8.4368787e+02,6.1968627e+00,0,nan,nan,nan,nan,273.64114,4.1422434e-03,17.95335,4.3721842e-03,1.7178141e-03,-2.4176564e-03
-0.1571338682510941,0.9903075385010986,0.0073200990789806224,2647.986641831665,1.2162399e-03,1022782,273.64531,17.94887,6.9182172e+02,4.6800017e+00,4.7219879e+02,2.0586047e+00,8.3839594e+02,6.1972075e+00,0,nan,nan,nan,nan,273.64531,4.1719335e-03,17.94887,4.3918034e-03,6.6717849e-03,-3.9969309e-04
-0.1557449799843198,0.9911817871726439,0.007304448459261675,2647.988030719932,1.2162399e-03,1022783,273.63564,17.94454,6.9247736e+02,4.6699624e+00,4.7226263e+02,2.0483711e+00,8.3913007e+02,6.1839132e+00,0,nan,nan,nan,nan,273.63564,4.1566542e-03,17.94454,4.3788711e-03,1.2417338e-03,-8.4505649e-03
-0.15435609160113017,0.9970161325475482,0.00731913383519779,2647.989419608315,1.2162400e-03,1022784,273.63804,17.94884,6.9609113e+02,4.6793184e+00,4.7116724e+02,2.0531449e+00,8.4406335e+02,6.1963019e+00,0,nan,nan,nan,nan,273.63804,4.1450970e-03,17.94884,4.3847659e-03,2.1186904e-03,-2.4275025e-03
-0.15296720333435587,0.9956229827703894,0.007303473637278811,2647.990808496582,1.2162400e-03,1022785,273.63799,17.95486,6.9532739e+02,4.6692734e+00,4.7083264e+02,2.0487740e+00,8.4287799e+02,6.1830006e+00,0,nan,nan,nan,nan,273.63799,4.1294452e-03,17.95486,4.3646097e-03,-2.1816892e-04,1.2378275e-03
-0.15157831506758157,0.9989608062730564,0.007322205091998348,2647.9921973848486,1.2162400e-03,1022786,273.64320,17.95065,6.9765503e+02,4.6812158e+00,4.6926285e+02,2.0568359e+00,8.4569788e+02,6.1988149e+00,0,nan,nan,nan,nan,273.64320,4.1446849e-03,17.95065,4.3572793e-03,4.8987935e-03,-4.4537839e-03
-0.15018942680126202,0.9912395055506292,0.0073165344616901995,2647.993586273115,1.2162400e-03,1022787,273.64152,17.94452,6.9252234e+02,4.6775584e+00,4.7307294e+02,2.0526125e+00,8.3915540e+02,6.1939716e+00,0,nan,nan,nan,nan,273.64152,4.1695791e-03,17.94452,4.3881298e-03,3.6030160e-03,2.0797655e-03
-0.14880053853448771,1.0024076523215333,0.00731562416465341,2647.9949751613817,1.2162400e-03,1022788,273.63569,17.94208,6.9970081e+02,4.6769443e+00,4.6812329e+02,2.0481393e+00,8.4860419e+02,6.1931586e+00,0,nan,nan,nan,nan,273.63569,4.1272677e-03,17.94208,4.3487004e-03,-8.5007009e-04,-8.1297895e-03
-0.14741165026725866,0.9870731861084984,0.007306925517171077,2647.996364049649,1.2162400e-03,1022789,273.64140,17.94283,6.9001117e+02,4.6713514e+00,4.7309454e+02,2.0524642e+00,8.3561688e+02,6.1857524e+00,0,nan,nan,nan,nan,273.64140,4.1673300e-03,17.94283,4.4025299e-03,-1.9172677e-03,-6.3620922e-03
-0.14602276200002962,1.0137843724211588,0.007337191422972206,2647.997752937916,1.2162400e-03,1022790,273.64252,17.95544,7.0681335e+02,4.6906691e+00,4.6931519e+02,2.0522244e+00,8.5822375e+02,6.2113328e+00,0,nan,nan,nan,nan,273.64252,4.0926347e-03,17.95544,4.3104035e-03,5.6702844e-03,5.1788846e-04
-0.1446338737332553,1.0000645545940854,0.0073213191453753565,2647.999141826183,1.2162400e-03,1022791,273.63253,17.95920,6.9819958e+02,4.6804910e+00,4.7134119e+02,2.0528979e+00,8.4660358e+02,6.1978550e+00,0,nan,nan,nan,nan,273.63253,4.1254009e-03,17.95920,4.3589766e-03,2.9771077e-03,-1.6798156e-03
-0.143244985466481,1.0050158762689505,0.007323521940963203,2648.0005307144497,1.2162400e-03,1022792,273.63453,17.95237,7.0099963e+02,4.6818681e+00,4.7136481e+02,2.0523891e+00,8.5078949e+02,6.1996789e+00,0,nan,nan,nan,nan,273.63453,4.1211755e-03,17.95237,4.3343180e-03,3.4178810e-03,-8.6112684e-03
-0.14185609720016146,1.0138558967332423,0.007343944553375462,2648.001919602716,1.2162400e-03,1022793,273.63046,17.95107,7.0692029e+02,4.6948938e+00,4.7014655e+02,2.0523443e+00,8.5826733e+02,6.2169271e+00,0,nan,nan,nan,nan,273.63046,4.1009854e-03,17.95107,4.3224758e-03,-3.5262416e-04,-3.1385507e-04
-0.14046720893247766,1.0060266773212203,0.007329403584528133,2648.0033084909837,1.2162400e-03,1022794,273.63562,17.94941,7.0199915e+02,4.6855674e+00,4.6794943e+02,2.0510738e+00,8.5163416e+02,6.2045774e+00,0,nan,nan,nan,nan,273.63562,4.1194125e-03,17.94941,4.3338398e-03,3.3200572e-03,-4.4210544e-03
-0.1390783206652486,0.997868434166007,0.007307118498203164,2648.004697379251,1.2162400e-03,1022795,273.63902,17.94338,6.9670544e+02,4.6712914e+00,4.6797598e+02,2.0493033e+00,8.4472253e+02,6.1856728e+00,0,nan,nan,nan,nan,273.63902,4.1233725e-03,17.94338,4.3573305e-03,6.0941153e-03,-4.9163052e-03
-0.13768943239801956,0.9979528981015676,0.007330837628610664,2648.006086267518,1.2162400e-03,1022796,273.64113,17.94887,6.9687213e+02,4.6864247e+00,4.7285358e+02,2.0599318e+00,8.4478870e+02,6.2057128e+00,0,nan,nan,nan,nan,273.64113,4.1445312e-03,17.94887,4.3739653e-03,-2.4920586e-03,2.4440277e-03
-0.1363005441307905,0.9943890626818349,0.0073146245708558535,2648.0074751557854,1.2162400e-03,1022797,273.63678,17.94597,6.9481989e+02,4.6760311e+00,4.7360291e+02,2.0529499e+00,8.4176660e+02,6.1919494e+00,0,nan,nan,nan,nan,273.63678,4.1437917e-03,17.94597,4.3741670e-03,3.3297010e-03,-7.0680482e-03
-0.1349116558640162,0.9908326890037931,0.007315209183448564,2648.008864044052,1.2162400e-03,1022798,273.63281,17.95760,6.9234393e+02,4.6763759e+00,4.7334473e+02,2.0534489e+00,8.3875085e+02,6.1924057e+00,0,nan,nan,nan,nan,273.63281,4.1502193e-03,17.95760,4.3831123e-03,6.0248590e-04,-3.7702761e-04
-0.13352276759769666,0.9990174510322603,0.007314778379425203,2648.0102529323185,1.2162400e-03,1022799,273.63848,17.95056,6.9748291e+02,4.6760721e+00,4.7262778e+02,2.0509520e+00,8.4567419e+02,6.1920033e+00,0,nan,nan,nan,nan,273.63848,4.1260859e-03,17.95056,4.3539940e-03,3.8380930e-03,-5.9195433e-04
-0.13213387933092235,1.0054166108549545,0.007323230551047533,2648.0116418205853,1.2162400e-03,1022800,273.64036,17.94363,7.0160852e+02,4.6814470e+00,4.6961749e+02,2.0529485e+00,8.5108600e+02,6.1991205e+00,0,nan,nan,nan,nan,273.64036,4.1243648e-03,17.94363,4.3346509e-03,2.5495898e-03,-8.3126342e-03
-0.13074499106414805,0.9981332571732621,0.007330251904581214,2648.013030708852,1.2162400e-03,1022801,273.63725,17.94911,6.9711230e+02,4.6859074e+00,4.7211072e+02,2.0601428e+00,8.4491553e+02,6.2050271e+00,0,nan,nan,nan,nan,273.63725,4.1404977e-03,17.94911,4.3618656e-03,5.9403729e-04,1.7826785e-03
-0.12935610279737375,1.0060351698327976,0.007328488967343345,2648.014419597119,1.2162400e-03,1022802,273.64215,17.94792,7.0172888e+02,4.6847525e+00,4.6945193e+02,2.0525534e+00,8.5159943e+02,6.2034979e+00,0,nan,nan,nan,nan,273.64215,4.1110902e-03,17.94792,4.3412657e-03,6.2365755e-03,-2.9507664e-03
-0.12796721453059945,0.9952884196911743,0.007317372849273164,2648.0158084853856,1.2162400e-03,1022803,273.64161,17.95035,6.9464746e+02,4.6776190e+00,4.6951657e+02,2.0531042e+00,8.4249750e+02,6.1940517e+00,0,nan,nan,nan,nan,273.64161,4.1571059e-03,17.95035,4.3793935e-03,1.9963139e-03,-2.2315464e-03
-0.12657832626291565,1.0125354232040773,0.007356195571438665,2648.0171973736533,1.2162400e-03,1022804,273.64013,17.94812,7.0676605e+02,4.7024093e+00,4.6910696e+02,2.0575299e+00,8.5709186e+02,6.2268786e+00,0,nan,nan,nan,nan,273.64013,4.0896870e-03,17.94812,4.3357322e-03,5.7163532e-03,-7.9210736e-03
-0.12518943799614135,0.9949612224014825,0.007315395456749539,2648.01858626192,1.2162400e-03,1022805,273.64431,17.95477,6.9491589e+02,4.6763010e+00,4.7027017e+02,2.0527925e+00,8.4221082e+02,6.1923070e+00,0,nan,nan,nan,nan,273.64431,4.1510994e-03,17.95477,4.3716091e-03,6.9907939e-05,2.8962651e-04
-0.1238005497298218,1.0034659396011314,0.007322676332001019,2648.0199751501864,1.2162400e-03,1022806,273.63329,17.94772,7.0016516e+02,4.6809287e+00,4.7179855e+02,2.0563796e+00,8.4940509e+02,6.1984348e+00,0,nan,nan,nan,nan,273.63329,4.1167154e-03,17.94772,4.3493966e-03,5.2809184e-03,-1.7472446e-03
-0.1224116614630475,0.9901617929482378,0.007306233381237823,2648.021364038453,1.2162400e-03,1022807,273.64403,17.95756,6.9204150e+02,4.6703916e+00,4.7061130e+02,2.0508833e+00,8.3813879e+02,6.1844816e+00,0,nan,nan,nan,nan,273.64403,4.1716443e-03,17.95756,4.3855417e-03,5.6923169e-04,-3.5661606e-03
-0.12102277331314326,0.9878662806856859,0.007308273456644933,2648.022752926603,1.2162399e-03,1022808,273.64100,17.95164,6.9055695e+02,4.6716704e+00,4.6950919e+02,2.0542383e+00,8.3619110e+02,6.1861744e+00,0,nan,nan,nan,nan,273.64100,4.1670199e-03,17.95164,4.3933541e-03,6.1444147e-03,-1.3275131e-03
-0.11963388504636896,1.0001615351591286,0.007319561722260401,2648.02414181487,1.2162399e-03,1022809,273.63386,17.94773,6.9826965e+02,4.6788602e+00,4.7094171e+02,2.0540931e+00,8.4659393e+02,6.1956959e+00,0,nan,nan,nan,nan,273.63386,4.1227257e-03,17.94773,4.3526492e-03,-3.3850591e-03,-3.9746994e-03
-0.11824499677868516,0.9956290688340128,0.007317388121664677,2648.0255307031375,1.2162399e-03,1022810,273.63709,17.95169,6.9555505e+02,4.6774454e+00,4.7244269e+02,2.0520823e+00,8.4275287e+02,6.1938224e+00,0,nan,nan,nan,nan,273.63709,4.1522156e-03,17.95169,4.3783798e-03,6.8068076e-03,-2.9597285e-03
-0.11685610851145611,1.0032796351258144,0.007318797992352247,2648.0269195914047,1.2162399e-03,1022811,273.63230,17.95193,7.0020483e+02,4.6783223e+00,4.7033499e+02,2.0501232e+00,8.4922418e+02,6.1949830e+00,0,nan,nan,nan,nan,273.63230,4.1160998e-03,17.95193,4.3534301e-03,-3.1956097e-03,-1.1860937e-05
-0.11546722024513656,1.0016164979828772,0.0073340892095701,2648.028308479671,1.2162399e-03,1022812,273.63886,17.93878,6.9927466e+02,4.6880717e+00,4.7527896e+02,2.0547500e+00,8.4781195e+02,6.2078934e+00,0,nan,nan,nan,nan,273.63886,4.1342909e-03,17.93878,4.3670917e-03,7.1134432e-03,-2.6110972e-03
-0.11407833197836226,0.9999544101818268,0.007340353917845744,2648.029697367938,1.2162399e-03,1022813,273.64080,17.94476,6.9835785e+02,4.6920519e+00,4.7140564e+02,2.0538020e+00,8.4640070e+02,6.2131639e+00,0,nan,nan,nan,nan,273.64080,4.1421787e-03,17.94476,4.3661715e-03,8.5170357e-04,-3.0268852e-03
-0.11268944382800328,1.008317501436992,0.007325657152561754,2648.031086256088,1.2162398e-03,1022814,273.64203,17.95071,7.0376068e+02,4.6826339e+00,4.6925598e+02,2.0481246e+00,8.5347516e+02,6.2006922e+00,0,nan,nan,nan,nan,273.64203,4.1031879e-03,17.95071,4.3353187e-03,5.8260025e-03,-1.0442277e-02
-0.11130055556122898,0.9937018960794031,0.0073197242370152,2648.032475144355,1.2162398e-03,1022815,273.63521,17.95174,6.9444946e+02,4.6788177e+00,4.7180847e+02,2.0523415e+00,8.4109973e+02,6.1956391e+00,0,nan,nan,nan,nan,273.63521,4.1413736e-03,17.95174,4.3771304e-03,-1.8941183e-04,-1.7778680e-03
-0.10991166729490942,1.007323426885348,0.007327577381825896,2648.0338640326213,1.2162398e-03,1022816,273.63836,17.95647,7.0309839e+02,4.6838136e+00,4.7183728e+02,2.0514798e+00,8.5262518e+02,6.2022552e+00,0,nan,nan,nan,nan,273.63836,4.1089039e-03,17.95647,4.3306993e-03,5.1322030e-03,-3.6656344e-03
-0.10852277902768037,1.006499710250582,0.0073254231848168105,2648.0352529208885,1.2162398e-03,1022817,273.64491,17.94934,7.0239728e+02,4.6824136e+00,4.7045782e+02,2.0520813e+00,8.5192371e+02,6.2004013e+00,0,nan,nan,nan,nan,273.64491,4.1175550e-03,17.94934,4.3312637e-03,3.7666783e-03,5.1613781e-04
-0.10713389075999658,1.005752956371729,0.007324511786273384,2648.036641809156,1.2162398e-03,1022818,273.63962,17.94641,7.0219507e+02,4.6818089e+00,4.7027957e+02,2.0532007e+00,8.5128754e+02,6.1995997e+00,0,nan,nan,nan,nan,273.63962,4.1136588e-03,17.94641,4.3404675e-03,1.0927580e-03,-2.1726778e-03
-0.10574500261009234,1.009364480836704,0.007326354833817806,2648.038030697306,1.2162396e-03,1022819,273.63734,17.94826,7.0454456e+02,4.6829643e+00,4.6848178e+02,2.0516191e+00,8.5434033e+02,6.2011299e+00,0,nan,nan,nan,nan,273.63734,4.1184672e-03,17.94826,4.3055615e-03,3.6185968e-03,-7.9066940e-03
-0.10435611434331804,1.0021337654439784,0.007336718013732895,2648.039419585573,1.2162396e-03,1022820,273.63609,17.95499,6.9963904e+02,4.6895657e+00,4.7260443e+02,2.0539651e+00,8.4821606e+02,6.2098718e+00,0,nan,nan,nan,nan,273.63609,4.1343924e-03,17.95499,4.3549840e-03,4.7620726e-03,3.8096425e-03
-0.10296722607699849,0.9992285138736446,0.007318107561537907,2648.040808473839,1.2162396e-03,1022821,273.63260,17.94761,6.9757202e+02,4.6776485e+00,4.7304712e+02,2.0535078e+00,8.4575311e+02,6.1940908e+00,0,nan,nan,nan,nan,273.63260,4.1365633e-03,17.94761,4.3587103e-03,-6.5568648e-03,-8.5718362e-03
-0.1015783379266395,1.0099814461399659,0.007326879454495331,2648.0421973619896,1.2162395e-03,1022822,273.64193,17.94812,7.0465955e+02,4.6832342e+00,4.7031448e+02,2.0534837e+00,8.5485052e+02,6.2014871e+00,0,nan,nan,nan,nan,273.64193,4.0959036e-03,17.94812,4.3117516e-03,9.0071317e-03,1.5602061e-03
-0.1001894496598652,1.0125526440969121,0.0073308658145998466,2648.0435862502563,1.2162395e-03,1022823,273.64149,17.94826,7.0650317e+02,4.6857605e+00,4.6977182e+02,2.0495384e+00,8.5702289e+02,6.2048330e+00,0,nan,nan,nan,nan,273.64149,4.0932694e-03,17.94826,4.3028328e-03,2.8582746e-03,-5.3008902e-03
-0.09880056139263615,0.9928976238849628,0.007327332071134348,2648.0449751385236,1.2162395e-03,1022824,273.64409,17.95179,6.9401245e+02,4.6834807e+00,4.7153241e+02,2.0584815e+00,8.4038318e+02,6.2018142e+00,0,nan,nan,nan,nan,273.64409,4.1568112e-03,17.95179,4.3796990e-03,3.1246934e-03,-2.8168524e-03
-0.0974116731254071,0.9902794826825002,0.007310673529034995,2648.046364026791,1.2162395e-03,1022825,273.64151,17.94877,6.9234131e+02,4.6728125e+00,4.7256879e+02,2.0513120e+00,8.3816351e+02,6.1876874e+00,0,nan,nan,nan,nan,273.64151,4.1597500e-03,17.94877,4.3863435e-03,2.8778049e-03,-2.4095811e-03
-0.09602278497504813,0.9989151311455198,0.007324032216667484,2648.047752914941,1.2162394e-03,1022826,273.63137,17.94333,6.9772528e+02,4.6813312e+00,4.7170874e+02,2.0511613e+00,8.4546899e+02,6.1989670e+00,0,nan,nan,nan,nan,273.63137,4.1264924e-03,17.94333,4.3644994e-03,-1.8717112e-03,-3.4181729e-03
-0.09463389670827382,0.9847208210776618,0.00731412458142015,2648.049141803208,1.2162394e-03,1022827,273.64000,17.94421,6.8839886e+02,4.6749778e+00,4.7262543e+02,2.0584705e+00,8.3345154e+02,6.1905551e+00,0,nan,nan,nan,nan,273.64000,4.2016320e-03,17.94421,4.4079795e-03,8.5853450e-03,-1.4123914e-05
-0.09324500855836959,0.9872933643239349,0.007313743054859482,2648.050530691358,1.2162393e-03,1022828,273.63559,17.95003,6.9032202e+02,4.6747150e+00,4.7068808e+02,2.0530317e+00,8.3562537e+02,6.1902061e+00,0,nan,nan,nan,nan,273.63559,4.1584256e-03,17.95003,4.4078501e-03,1.8847231e-03,-1.0027136e-02
-0.09185612029114054,0.9963116141186537,0.007316455710501798,2648.051919579625,1.2162393e-03,1022829,273.63964,17.95616,6.9589490e+02,4.6764293e+00,4.7348108e+02,2.0521734e+00,8.4325476e+02,6.1924763e+00,0,nan,nan,nan,nan,273.63964,4.1408706e-03,17.95616,4.3690102e-03,4.4536465e-03,5.7359436e-04
-0.09046723202345675,0.9917275943681748,0.007317503867829646,2648.0533084678927,1.2162393e-03,1022830,273.63299,17.94454,6.9371466e+02,4.6770802e+00,4.7395770e+02,2.0536911e+00,8.3937152e+02,6.1933384e+00,0,nan,nan,nan,nan,273.63299,4.1539618e-03,17.94454,4.3812613e-03,-4.7713472e-04,-1.2701870e-03
-0.08907834387309777,0.9961128671652402,0.007328867505562837,2648.054697356043,1.2162392e-03,1022831,273.63273,17.94614,6.9601050e+02,4.6843247e+00,4.7157709e+02,2.0558825e+00,8.4307971e+02,6.2029314e+00,0,nan,nan,nan,nan,273.63273,4.1485042e-03,17.94614,4.3701911e-03,2.2722071e-03,-2.1044111e-03
-0.08768945560541397,1.0098122010430226,0.007332849669480993,2648.056086244311,1.2162392e-03,1022832,273.64074,17.94955,7.0416461e+02,4.6868515e+00,4.6955447e+02,2.0502849e+00,8.5467108e+02,6.2062774e+00,0,nan,nan,nan,nan,273.64074,4.1076690e-03,17.94955,4.3286374e-03,3.9342842e-03,-5.1532611e-03
-0.08630056733863967,0.9964863044572301,0.007330736980841085,2648.0574751325776,1.2162392e-03,1022833,273.63769,17.95179,6.9617938e+02,4.6854830e+00,4.7447723e+02,2.0527411e+00,8.4338922e+02,6.2044649e+00,0,nan,nan,nan,nan,273.63769,4.1596498e-03,17.95179,4.3749874e-03,-5.2260682e-03,1.7378370e-03
-0.08491167918828069,0.9937901500585956,0.007326420724676711,2648.058864020728,1.2162391e-03,1022834,273.64110,17.95042,6.9460156e+02,4.6827064e+00,4.7380774e+02,2.0567198e+00,8.4110406e+02,6.2007885e+00,0,nan,nan,nan,nan,273.64110,4.1634087e-03,17.95042,4.3736557e-03,4.4941660e-03,-7.2881724e-03
-0.08352279092196113,1.0035743201788836,0.007326758874768208,2648.0602529089942,1.2162391e-03,1022835,273.64102,17.94790,7.0052216e+02,4.6829047e+00,4.7086606e+02,2.0513523e+00,8.4938184e+02,6.2010512e+00,0,nan,nan,nan,nan,273.64102,4.1308873e-03,17.94790,4.3356577e-03,-1.0039476e-04,-2.5492546e-03
-0.08213390277160215,0.9959413740599038,0.007314571252093056,2648.0616417971446,1.2162389e-03,1022836,273.64648,17.94918,6.9599298e+02,4.6750979e+00,4.6875287e+02,2.0558708e+00,8.4291852e+02,6.1907134e+00,0,nan,nan,nan,nan,273.64648,4.1406788e-03,17.94918,4.3558832e-03,2.4842962e-03,-8.9761391e-03
-0.0807450145052826,1.0016504184772994,0.007320688888723113,2648.063030685411,1.2162389e-03,1022837,273.63931,17.95350,6.9948749e+02,4.6789913e+00,4.6863077e+02,2.0484664e+00,8.4774731e+02,6.1958690e+00,0,nan,nan,nan,nan,273.63931,4.1329795e-03,17.95350,4.3472946e-03,3.9331899e-03,2.6471550e-03
-0.07935612635401412,0.9948956483180397,0.0073209463726937405,2648.064419573562,1.2162388e-03,1022838,273.64250,17.95033,6.9526080e+02,4.6791391e+00,4.7461292e+02,2.0548148e+00,8.4202747e+02,6.1960649e+00,0,nan,nan,nan,nan,273.64250,4.1541536e-03,17.95033,4.3707555e-03,1.8454295e-03,-9.4881421e-03
-0.07796723808678507,1.0045339602044128,0.007340191370776655,2648.0658084618294,1.2162388e-03,1022839,273.63257,17.94779,7.0123114e+02,4.6914234e+00,4.7401096e+02,2.0557690e+00,8.5018182e+02,6.2123313e+00,0,nan,nan,nan,nan,273.63257,4.1257776e-03,17.94779,4.3516606e-03,-2.1595054e-03,-1.2237639e-03
-0.07657834993688084,1.0042955214282112,0.007334120466072331,2648.0671973499793,1.2162387e-03,1022840,273.63632,17.95207,7.0119989e+02,4.6875272e+00,4.7007425e+02,2.0558944e+00,8.4997717e+02,6.2071719e+00,0,nan,nan,nan,nan,273.63632,4.1268216e-03,17.95207,4.3448075e-03,6.9211922e-03,-2.0377913e-03
-0.07518946167010654,1.003974603329594,0.007319095388649422,2648.068586238246,1.2162387e-03,1022841,273.63762,17.95074,7.0098883e+02,4.6779079e+00,4.7041855e+02,2.0501590e+00,8.4970270e+02,6.1944346e+00,0,nan,nan,nan,nan,273.63762,4.1213292e-03,17.95074,4.3389695e-03,3.1475215e-03,-5.1074428e-03
-0.07380057351974756,1.0049705335731987,0.007340776122299505,2648.0699751263965,1.2162386e-03,1022842,273.64371,17.95216,7.0153186e+02,4.6917496e+00,4.7087903e+02,2.0536935e+00,8.5054285e+02,6.2127638e+00,0,nan,nan,nan,nan,273.64371,4.1211923e-03,17.95216,4.3517733e-03,-7.3277397e-04,-1.1360286e-03
-0.07241168525297326,0.9914652454750579,0.0073314830921757,2648.0713640146632,1.2162386e-03,1022843,273.64118,17.95605,6.9308960e+02,4.6857953e+00,4.7354840e+02,2.0586798e+00,8.3911011e+02,6.2048788e+00,0,nan,nan,nan,nan,273.64118,4.1600391e-03,17.95605,4.3889391e-03,5.7370574e-03,-3.3549182e-03
-0.07102279710306902,0.996472372189125,0.007315091848074406,2648.072752902813,1.2162385e-03,1022844,273.63437,17.94907,6.9630585e+02,4.6753039e+00,4.7201389e+02,2.0512514e+00,8.4334515e+02,6.1909866e+00,0,nan,nan,nan,nan,273.63437,4.1315802e-03,17.94907,4.3583349e-03,2.8536436e-03,-2.8638383e-03
-0.06963390883583997,0.9941578173147941,0.007327280868175634,2648.0741417910804,1.2162385e-03,1022845,273.64418,17.94482,6.9441272e+02,4.6830802e+00,4.7259320e+02,2.0583248e+00,8.4138367e+02,6.2012835e+00,0,nan,nan,nan,nan,273.64418,4.1593867e-03,17.94482,4.3707709e-03,4.8416890e-03,-5.6126248e-03
-0.0682450206845715,1.010083339376277,0.007328073070523713,2648.0755306792316,1.2162384e-03,1022846,273.64299,17.95665,7.0469843e+02,4.6835723e+00,4.7037823e+02,2.0519884e+00,8.5485931e+02,6.2019353e+00,0,nan,nan,nan,nan,273.64299,4.1013639e-03,17.95665,4.3187272e-03,3.3657353e-03,-2.0437248e-03
-0.06685613241825195,1.0002953416313138,0.007326411917080699,2648.076919567498,1.2162384e-03,1022847,273.63709,17.95353,6.9872723e+02,4.6824970e+00,4.7096573e+02,2.0522311e+00,8.4657300e+02,6.2005110e+00,0,nan,nan,nan,nan,273.63709,4.1408683e-03,17.95353,4.3467735e-03,-1.1941232e-03,-2.1205707e-03
-0.06546724426789297,0.9888750584512641,0.007304255996527189,2648.0783084556483,1.2162382e-03,1022848,273.63996,17.94868,6.9120721e+02,4.6683226e+00,4.7174585e+02,2.0493565e+00,8.3690533e+02,6.1817422e+00,0,nan,nan,nan,nan,273.63996,4.1629267e-03,17.94868,4.3908958e-03,2.5312221e-03,-4.9444428e-03
-0.06407835611798873,1.0092066413762355,0.007333260287814704,2648.079697343798,1.2162381e-03,1022849,273.64290,17.95954,7.0423010e+02,4.6868467e+00,4.6902686e+02,2.0519457e+00,8.5410992e+02,6.2062716e+00,0,nan,nan,nan,nan,273.64290,4.1025020e-03,17.95954,4.3188999e-03,7.0526674e-03,-1.6293399e-03
-0.06268946785121443,1.001049396661448,0.007326221807693643,2648.081086232065,1.2162381e-03,1022850,273.63906,17.95356,6.9911353e+02,4.6823359e+00,4.7023785e+02,2.0504439e+00,8.4720404e+02,6.2002978e+00,0,nan,nan,nan,nan,273.63906,4.1310983e-03,17.95356,4.3507270e-03,2.3882790e-03,-1.1003537e-02
-0.06130057970085545,0.9961443469431233,0.007320873515432138,2648.0824751202153,1.2162380e-03,1022851,273.64174,17.95469,6.9599188e+02,4.6789050e+00,4.7334256e+02,2.0514760e+00,8.4305054e+02,6.1957550e+00,0,nan,nan,nan,nan,273.64174,4.1406439e-03,17.95469,4.3714531e-03,1.8804352e-03,2.8023645e-03
-0.059911691549586976,1.0010056887996368,0.007323693624685028,2648.0838640083666,1.2162379e-03,1022852,273.64799,17.94921,6.9860724e+02,4.6806951e+00,4.6992636e+02,2.0526690e+00,8.4716254e+02,6.1981254e+00,0,nan,nan,nan,nan,273.64799,4.1391803e-03,17.94921,4.3558087e-03,7.9134768e-03,-1.4827423e-03
-0.058522803282812674,0.9940144223560681,0.007321627465038374,2648.0852528966334,1.2162379e-03,1022853,273.63184,17.95170,6.9437103e+02,4.6793628e+00,4.7082733e+02,2.0528574e+00,8.4124359e+02,6.1963611e+00,0,nan,nan,nan,nan,273.63184,4.1509219e-03,17.95170,4.3885089e-03,1.0989490e-03,-3.8295200e-03
-0.057133915132453694,1.0087015205038983,0.007322995834917501,2648.0866417847838,1.2162378e-03,1022854,273.63970,17.95242,7.0404614e+02,4.6802258e+00,4.6979800e+02,2.0475261e+00,8.5367133e+02,6.1975036e+00,0,nan,nan,nan,nan,273.63970,4.1137515e-03,17.95242,4.3159951e-03,2.6898042e-03,-1.0499189e-03
-0.055745026982094714,1.007106239711764,0.007323212505342046,2648.088030672934,1.2162377e-03,1022855,273.63831,17.94805,7.0304425e+02,4.6803527e+00,4.6955872e+02,2.0482624e+00,8.5231915e+02,6.1976719e+00,0,nan,nan,nan,nan,273.63831,4.1043707e-03,17.94805,4.3239207e-03,3.6991996e-04,-2.7040693e-03
-0.05435613871532041,1.0149989709913614,0.0073401072492088925,2648.089419561201,1.2162377e-03,1022856,273.63507,17.95101,7.0806915e+02,4.6911392e+00,4.7009430e+02,2.0528269e+00,8.5899677e+02,6.2119555e+00,0,nan,nan,nan,nan,273.63507,4.0900335e-03,17.95101,4.3088710e-03,2.4953366e-03,-1.7679646e-03
-0.05296725056541618,0.9991594751422826,0.0073118246285207526,2648.090808449351,1.2162375e-03,1022857,273.63208,17.95049,6.9742981e+02,4.6730528e+00,4.7027930e+02,2.0503385e+00,8.4558978e+02,6.1880054e+00,0,nan,nan,nan,nan,273.63208,4.1248603e-03,17.95049,4.3600695e-03,-3.3725169e-03,-7.1793059e-03
-0.0515783624150572,1.0082904667905292,0.007325824772369321,2648.092197337501,1.2162374e-03,1022858,273.63782,17.95221,7.0324878e+02,4.6819901e+00,4.6946005e+02,2.0476966e+00,8.5331549e+02,6.1998401e+00,0,nan,nan,nan,nan,273.63782,4.1160821e-03,17.95221,4.3331389e-03,3.0746493e-03,3.6908707e-03
-0.05018947414782815,0.9996954379471888,0.007324905055627065,2648.0935862257684,1.2162374e-03,1022859,273.64403,17.94625,6.9828986e+02,4.6813927e+00,4.7095877e+02,2.0530889e+00,8.4603967e+02,6.1990485e+00,0,nan,nan,nan,nan,273.64403,4.1350825e-03,17.94625,4.3547493e-03,7.0074378e-03,-6.2552858e-03
-0.04880058599701442,0.9862747008200891,0.007313480702468297,2648.094975113919,1.2162373e-03,1022860,273.64825,17.94865,6.8985248e+02,4.6740808e+00,4.7374207e+02,2.0540249e+00,8.3467999e+02,6.1893668e+00,0,nan,nan,nan,nan,273.64825,4.1787042e-03,17.94865,4.3990030e-03,1.6309803e-03,-5.0901510e-03
-0.04741169784665544,0.9878624563347013,0.007326559803147994,2648.0963640020695,1.2162372e-03,1022861,273.63130,17.94565,6.9064661e+02,4.6824303e+00,4.7389426e+02,2.0550823e+00,8.3602203e+02,6.2004232e+00,0,nan,nan,nan,nan,273.63130,4.1817911e-03,17.94565,4.4101574e-03,1.4353900e-03,-3.6134659e-03
-0.04602280969675121,1.0021637326949029,0.007315409321375031,2648.0977528902195,1.2162371e-03,1022862,273.64096,17.95336,6.9965961e+02,4.6752954e+00,4.6794348e+02,2.0462501e+00,8.4812341e+02,6.1909747e+00,0,nan,nan,nan,nan,273.64096,4.1197450e-03,17.95336,4.3526664e-03,1.5755855e-03,-3.7397409e-03
-0.04463392142997691,0.9958414785829441,0.007325861690365986,2648.0991417784862,1.2162371e-03,1022863,273.63671,17.94889,6.9616321e+02,4.6819663e+00,4.7163739e+02,2.0595307e+00,8.4277136e+02,6.1998086e+00,0,nan,nan,nan,nan,273.63671,4.1518179e-03,17.94889,4.3705106e-03,4.9226657e-03,-6.6318887e-04
-0.043245033278708433,0.9921442887410381,0.007330050957819804,2648.1005306666375,1.2162370e-03,1022864,273.64008,17.94604,6.9350110e+02,4.6846352e+00,4.7263394e+02,2.0548241e+00,8.3964093e+02,6.2033424e+00,0,nan,nan,nan,nan,273.64008,4.1588307e-03,17.94604,4.3906854e-03,2.1689036e-03,-3.6938605e-03
-0.04185614512834945,0.9819302229331872,0.007313801059173343,2648.101919554788,1.2162369e-03,1022865,273.64154,17.94985,6.8669714e+02,4.6742415e+00,4.7237451e+02,2.0552092e+00,8.3099542e+02,6.1895795e+00,0,nan,nan,nan,nan,273.64154,4.1842838e-03,17.94985,4.4305976e-03,4.4276137e-03,-5.0434927e-03
-0.04046725697708098,0.9953942248549267,0.007316313963067327,2648.103308442939,1.2162367e-03,1022866,273.64416,17.94040,6.9555542e+02,4.6758394e+00,4.7198849e+02,2.0544038e+00,8.4238843e+02,6.1916957e+00,0,nan,nan,nan,nan,273.64416,4.1506160e-03,17.94040,4.3631457e-03,3.2955494e-03,-7.7316617e-03
-0.03907836870985193,0.983863002823818,0.007302336167864562,2648.1046973312064,1.2162367e-03,1022867,273.63752,17.95295,6.8799365e+02,4.6668987e+00,4.7118597e+02,2.0507300e+00,8.3262836e+02,6.1798563e+00,0,nan,nan,nan,nan,273.63752,4.1847480e-03,17.95295,4.4039632e-03,1.5443113e-03,2.9718620e-03
-0.0376894805599477,0.9851358582121599,0.007309025402110142,2648.1060862193563,1.2162366e-03,1022868,273.64601,17.94589,6.8886963e+02,4.6711664e+00,4.7062668e+02,2.0566144e+00,8.3370422e+02,6.1855078e+00,0,nan,nan,nan,nan,273.64601,4.1828034e-03,17.94589,4.3991650e-03,2.1861247e-03,-3.1202915e-03
-0.03630059240958872,0.991478663186817,0.007299334319097775,2648.1074751075066,1.2162365e-03,1022869,273.63878,17.95188,6.9299243e+02,4.6649661e+00,4.6724200e+02,2.0462294e+00,8.3907080e+02,6.1772971e+00,0,nan,nan,nan,nan,273.63878,4.1551441e-03,17.95188,4.3696398e-03,3.5692765e-03,-2.0739627e-03
-0.03491170425922974,0.985127054139771,0.007298434849101329,2648.108863995657,1.2162364e-03,1022870,273.63830,17.94137,6.8878510e+02,4.6643848e+00,4.6961884e+02,2.0540648e+00,8.3369434e+02,6.1765270e+00,0,nan,nan,nan,nan,273.63830,4.1749533e-03,17.94137,4.4025518e-03,-2.0554475e-03,-6.4476128e-03
-0.03352281610887076,0.9842030846877651,0.007310625490224695,2648.1102528838073,1.2162363e-03,1022871,273.64334,17.94887,6.8806128e+02,4.6721692e+00,4.7253632e+02,2.0551200e+00,8.3291125e+02,6.1868353e+00,0,nan,nan,nan,nan,273.64334,4.1966541e-03,17.94887,4.4064894e-03,6.8299123e-03,-4.2221677e-03
-0.032133927958966524,0.9884871967368108,0.007304274412425202,2648.1116417719572,1.2162362e-03,1022872,273.63994,17.95152,6.9122034e+02,4.6681042e+00,4.6813336e+02,2.0506346e+00,8.3653577e+02,6.1814523e+00,0,nan,nan,nan,nan,273.63994,4.1669006e-03,17.95152,4.3973527e-03,-1.8056274e-03,7.5352052e-04
-0.030745039808152796,0.9797153226535725,0.007315826298895845,2648.113030660108,1.2162360e-03,1022873,273.64097,17.94989,6.8526801e+02,4.6754808e+00,4.7534238e+02,2.0598433e+00,8.2911127e+02,6.1912208e+00,0,nan,nan,nan,nan,273.64097,4.2119529e-03,17.94989,4.4247080e-03,1.8760513e-03,-1.6542461e-03
-0.029356151540469,0.972933010260306,0.007288700763343445,2648.1144195483757,1.2162360e-03,1022874,273.64127,17.94523,6.8069196e+02,4.6581402e+00,4.7141449e+02,2.0535302e+00,8.2337061e+02,6.1682582e+00,0,nan,nan,nan,nan,273.64127,4.2143231e-03,17.94523,4.4487552e-03,1.5666242e-03,-2.8312767e-03
-0.02796726339011002,0.9713948654547024,0.007300456228259307,2648.115808436526,1.2162359e-03,1022875,273.64063,17.94950,6.8007782e+02,4.6656475e+00,4.7377777e+02,2.0539777e+00,8.2206799e+02,6.1781998e+00,0,nan,nan,nan,nan,273.64063,4.2306744e-03,17.94950,4.4578807e-03,7.5031179e-03,-8.7873364e-04
-0.026578375240205787,0.9756701360087545,0.007297454935949138,2648.117197324676,1.2162358e-03,1022876,273.63578,17.95403,6.8258112e+02,4.6637244e+00,4.7262286e+02,2.0508769e+00,8.2568518e+02,6.1756535e+00,0,nan,nan,nan,nan,273.63578,4.2153844e-03,17.95403,4.4397283e-03,-9.4276282e-04,-2.1733183e-03
-0.025189487089846807,0.9803533838404364,0.007307532192616978,2648.1185862128264,1.2162357e-03,1022877,273.64481,17.94556,6.8570062e+02,4.6701603e+00,4.7132571e+02,2.0533175e+00,8.2964771e+02,6.1841755e+00,0,nan,nan,nan,nan,273.64481,4.2033303e-03,17.94556,4.4175200e-03,-2.4133795e-03,-3.1581649e-03
-0.023800598939942574,0.9788228012374947,0.007299030325291925,2648.1199751009763,1.2162356e-03,1022878,273.64123,17.94251,6.8454559e+02,4.6647224e+00,4.6895801e+02,2.0550406e+00,8.2835168e+02,6.1769748e+00,0,nan,nan,nan,nan,273.64123,4.2008031e-03,17.94251,4.4257003e-03,8.1055140e-04,-8.1583131e-03
-0.022411710789583594,0.9808389806096087,0.007291935012970757,2648.1213639891266,1.2162355e-03,1022879,273.64172,17.94849,6.8571277e+02,4.6601839e+00,4.6900113e+02,2.0512135e+00,8.3005719e+02,6.1709652e+00,0,nan,nan,nan,nan,273.64172,4.1847713e-03,17.94849,4.4113994e-03,2.3149871e-03,3.9241896e-03
-0.02102282263831512,0.9925375312038689,0.007310901369442907,2648.122752877278,1.2162353e-03,1022880,273.63659,17.94879,6.9366589e+02,4.6723018e+00,4.6974786e+02,2.0517831e+00,8.3995673e+02,6.1870112e+00,0,nan,nan,nan,nan,273.63659,4.1605160e-03,17.94879,4.3816301e-03,4.1216062e-03,-5.1705888e-03
-0.01963393448795614,0.9839292519092554,0.007309881513913862,2648.1241417654282,1.2162352e-03,1022881,273.64222,17.95146,6.8804663e+02,4.6716471e+00,4.6952655e+02,2.0548084e+00,8.3267120e+02,6.1861439e+00,0,nan,nan,nan,nan,273.64222,4.1934052e-03,17.95146,4.4129570e-03,-2.0366807e-03,-8.8157400e-04
-0.01824504633759716,0.9944391299551562,0.007312041024995178,2648.1255306535786,1.2162351e-03,1022882,273.64480,17.94745,6.9469318e+02,4.6730242e+00,4.7097012e+02,2.0515990e+00,8.4156488e+02,6.1879673e+00,0,nan,nan,nan,nan,273.64480,4.1466518e-03,17.94745,4.3691630e-03,5.9807696e-03,-2.0389226e-03
-0.01685615818723818,0.966418336703582,0.007289939527526181,2648.126919541729,1.2162350e-03,1022883,273.63512,17.94493,6.7708728e+02,4.6588964e+00,4.7481619e+02,2.0558548e+00,8.1785120e+02,6.1692600e+00,0,nan,nan,nan,nan,273.63512,4.2408002e-03,17.94493,4.4682892e-03,9.0009620e-04,-4.4759689e-03
-0.0154672700368792,0.9777562042167957,0.007292670671940802,2648.1283084298793,1.2162349e-03,1022884,273.64024,17.93949,6.8432257e+02,4.6606393e+00,4.7133563e+02,2.0521250e+00,8.2744568e+02,6.1715679e+00,0,nan,nan,nan,nan,273.64024,4.1975826e-03,17.93949,4.4309115e-03,-5.0152960e-04,-3.6978973e-03
-0.014078381886974967,0.974834428970706,0.007315946232989773,2648.1296973180292,1.2162348e-03,1022885,273.63706,17.94678,6.8201642e+02,4.6755128e+00,4.7013547e+02,2.0563252e+00,8.2497272e+02,6.1912627e+00,0,nan,nan,nan,nan,273.63706,4.2221360e-03,17.94678,4.4547287e-03,1.1349048e-03,-7.3159686e-03
-0.012689493736615987,0.992059712410962,0.0073217780097914855,2648.1310862061796,1.2162346e-03,1022886,273.63989,17.95167,6.9310931e+02,4.6792378e+00,4.7292847e+02,2.0566945e+00,8.3954962e+02,6.1961956e+00,0,nan,nan,nan,nan,273.63989,4.1667139e-03,17.95167,4.3898509e-03,5.1994412e-03,-6.4559066e-04
-0.01130060558580226,0.9697166982968943,0.007301728758942016,2648.1324750943304,1.2162345e-03,1022887,273.63619,17.95133,6.7874359e+02,4.6664233e+00,4.7126764e+02,2.0551953e+00,8.2064117e+02,6.1792269e+00,0,nan,nan,nan,nan,273.63619,4.2363098e-03,17.95133,4.4550654e-03,1.7218257e-04,-4.6744840e-03
-0.009911717434988532,0.9784416934716962,0.007309644065385191,2648.133863982481,1.2162344e-03,1022888,273.63390,17.95414,6.8452570e+02,4.6714807e+00,4.7358719e+02,2.0576077e+00,8.2802466e+02,6.1859236e+00,0,nan,nan,nan,nan,273.63390,4.2127818e-03,17.95414,4.4296724e-03,1.7533397e-03,-8.0210727e-04
-0.008522829284629552,0.9765780332003086,0.00730103387503273,2648.1352528706316,1.2162343e-03,1022889,273.63957,17.94522,6.8341827e+02,4.6659775e+00,4.7604105e+02,2.0558822e+00,8.2644739e+02,6.1786361e+00,0,nan,nan,nan,nan,273.63957,4.2001358e-03,17.94522,4.4435891e-03,-1.4809379e-03,-8.0991117e-03
-0.007133941134725319,0.9840829705968374,0.007308803785949344,2648.1366417587815,1.2162342e-03,1022890,273.63971,17.94250,6.8776965e+02,4.6709423e+00,4.7123502e+02,2.0567193e+00,8.3279846e+02,6.1852107e+00,0,nan,nan,nan,nan,273.63971,4.1861637e-03,17.94250,4.4197161e-03,3.6170490e-03,1.0848090e-03
-0.005745052984366339,0.97666209286487,0.00732613702165098,2648.138030646932,1.2162341e-03,1022891,273.64596,17.95114,6.8273053e+02,4.6820192e+00,4.7323993e+02,2.0588498e+00,8.2651837e+02,6.1998792e+00,0,nan,nan,nan,nan,273.64596,4.2301044e-03,17.95114,4.4616289e-03,2.3945521e-03,-2.6673691e-03
-0.004356164950422681,0.9803714285323083,0.007308294237537294,2648.139419534966,1.2162338e-03,1022892,273.62757,17.94805,6.8571411e+02,4.6706166e+00,4.7571735e+02,2.0538273e+00,8.2965747e+02,6.1847796e+00,0,nan,nan,nan,nan,273.62757,4.1879560e-03,17.94805,4.4440189e-03,-1.4021599e-03,-1.3135150e-03
-0.0029672768000637006,0.9751621764337632,0.007304284874673243,2648.140808423116,1.2162337e-03,1022893,273.64405,17.95121,6.8249188e+02,4.6680546e+00,4.7378937e+02,2.0559220e+00,8.2524915e+02,6.1813869e+00,0,nan,nan,nan,nan,273.64405,4.2290743e-03,17.95121,4.4342186e-03,5.3404216e-03,-3.5460179e-03
-0.0015783886497047206,0.9702969065321433,0.007285506974174108,2648.1421973112665,1.2162336e-03,1022894,273.63629,17.95251,6.7916553e+02,4.6560550e+00,4.7252829e+02,2.0541708e+00,8.2113196e+02,6.1654968e+00,0,nan,nan,nan,nan,273.63629,4.2227539e-03,17.95251,4.4515063e-03,3.2040065e-03,-3.1045731e-03
-0.00018950049843624583,0.9839083975474462,0.007302433397033049,2648.1435861994178,1.2162335e-03,1022895,273.63470,17.94564,6.8786127e+02,4.6668735e+00,4.6808951e+02,2.0473084e+00,8.3265112e+02,6.1798224e+00,0,nan,nan,nan,nan,273.63470,4.1909660e-03,17.94564,4.4163992e-03,-2.6691463e-04,-4.5992229e-03
0.0011993876519227342,0.9904852290555995,0.0073181805687701175,2648.144975087568,1.2162334e-03,1022896,273.63849,17.94446,6.9168945e+02,4.6769385e+00,4.7257172e+02,2.0558169e+00,8.3821710e+02,6.1931505e+00,0,nan,nan,nan,nan,273.63849,4.1698776e-03,17.94446,4.3906681e-03,1.4705625e-03,2.5965011e-04
0.0025882758022817143,0.9798871714965111,0.007297076326454422,2648.1463639757185,1.2162332e-03,1022897,273.63688,17.94832,6.8521106e+02,4.6634526e+00,4.6983911e+02,2.0495102e+00,8.2924860e+02,6.1752930e+00,0,nan,nan,nan,nan,273.63688,4.1998927e-03,17.94832,4.4282759e-03,2.8624586e-03,-5.8557801e-03
0.003977163952185947,0.980012476053756,0.007304839108224761,2648.1477528638684,1.2162331e-03,1022898,273.64429,17.95419,6.8542072e+02,4.6684155e+00,4.7126953e+02,2.0573184e+00,8.2935498e+02,6.1818647e+00,0,nan,nan,nan,nan,273.64429,4.1964059e-03,17.95419,4.4254158e-03,4.8867287e-03,-5.1483884e-04
0.0053660519865843526,0.9908515873565727,0.007310910137951276,2648.149141751903,1.2162329e-03,1022899,273.64303,17.94583,6.9252075e+02,4.6722975e+00,4.6995270e+02,2.0548339e+00,8.3852820e+02,6.1870055e+00,0,nan,nan,nan,nan,273.64303,4.1553411e-03,17.94583,4.3921089e-03,-1.0473204e-03,-8.8463994e-03
0.006754940137852827,0.9771562917974536,0.007298559904095655,2648.150530640054,1.2162328e-03,1022900,273.64409,17.95271,6.8341095e+02,4.6644077e+00,4.6800684e+02,2.0576332e+00,8.2693872e+02,6.1765575e+00,0,nan,nan,nan,nan,273.64409,4.2130859e-03,17.95271,4.4297189e-03,2.5090380e-03,2.4749262e-03
0.008143828288211807,0.9833365004947175,0.007295233918192327,2648.1519195282044,1.2162327e-03,1022901,273.63705,17.95009,6.8761761e+02,4.6622849e+00,4.6932364e+02,2.0500436e+00,8.3216937e+02,6.1737466e+00,0,nan,nan,nan,nan,273.63705,4.1907826e-03,17.95009,4.4006719e-03,5.0654397e-03,-3.3234239e-03
0.009532716439480282,0.9814414697099977,0.007307909191773007,2648.1533084163557,1.2162325e-03,1022902,273.63733,17.94990,6.8633948e+02,4.6703882e+00,4.7322812e+02,2.0544314e+00,8.3056622e+02,6.1844773e+00,0,nan,nan,nan,nan,273.63733,4.1968520e-03,17.94990,4.4176159e-03,-3.3793724e-04,-2.8453036e-03
0.01092160447342394,0.9899899472625848,0.007302595127644639,2648.1546973043896,1.2162323e-03,1022903,273.63816,17.94432,6.9177032e+02,4.6669960e+00,4.6897018e+02,2.0502524e+00,8.3780121e+02,6.1799850e+00,0,nan,nan,nan,nan,273.63816,4.1557699e-03,17.94432,4.3906765e-03,1.3268641e-03,-3.0739682e-03
0.012310492623328173,0.9893376705707663,0.0073139923497938675,2648.1560861925395,1.2162322e-03,1022904,273.64129,17.94459,6.9137573e+02,4.6742835e+00,4.7181909e+02,2.0578067e+00,8.3724988e+02,6.1896353e+00,0,nan,nan,nan,nan,273.64129,4.1806451e-03,17.94459,4.3795458e-03,5.2873418e-03,-6.3258065e-03
0.013699380773687153,0.983135790786727,0.007311468128172481,2648.15747508069,1.2162321e-03,1022905,273.64085,17.94429,6.8758148e+02,4.6726747e+00,4.6989578e+02,2.0513954e+00,8.3200214e+02,6.1875043e+00,0,nan,nan,nan,nan,273.64085,4.1897064e-03,17.94429,4.4129146e-03,-1.8476670e-04,2.4195501e-04
0.015088268923591386,0.9835285801981819,0.0073185980175667215,2648.15886396884,1.2162320e-03,1022906,273.64612,17.94288,6.8777325e+02,4.6772351e+00,4.7521249e+02,2.0552866e+00,8.3233533e+02,6.1935439e+00,0,nan,nan,nan,nan,273.64612,4.1986173e-03,17.94288,4.4133645e-03,6.7723314e-03,-2.5542832e-03
0.016477156957535044,0.9890085898619331,0.007316720444475251,2648.1602528568737,1.2162317e-03,1022907,273.63485,17.95302,6.9124878e+02,4.6760402e+00,4.7500601e+02,2.0545735e+00,8.3697375e+02,6.1919613e+00,0,nan,nan,nan,nan,273.63485,4.1656708e-03,17.95302,4.3929326e-03,4.5722796e-04,-4.7162035e-03
0.01786604510880352,0.9808653694192807,0.007296035969774775,2648.161641745025,1.2162316e-03,1022908,273.64109,17.95124,6.8597357e+02,4.6628261e+00,4.6913751e+02,2.0494330e+00,8.3008325e+02,6.1744633e+00,0,nan,nan,nan,nan,273.64109,4.1921129e-03,17.95124,4.4231201e-03,5.9443503e-03,-7.5274040e-03
0.0192549332591625,0.9876945709763049,0.007323950451442956,2648.1630306331754,1.2162315e-03,1022909,273.64233,17.94851,6.9007361e+02,4.6806712e+00,4.7020135e+02,2.0543880e+00,8.3586359e+02,6.1980939e+00,0,nan,nan,nan,nan,273.64233,4.1666953e-03,17.94851,4.4199564e-03,3.9941021e-03,2.9776143e-03
0.020643821293106157,0.9705699649493106,0.007294460320094207,2648.1644195212093,1.2162313e-03,1022910,273.64598,17.95105,6.7935333e+02,4.6618299e+00,4.7034534e+02,2.0514083e+00,8.2137244e+02,6.1731443e+00,0,nan,nan,nan,nan,273.64598,4.2192256e-03,17.95105,4.4662668e-03,3.6289007e-03,-6.1047645e-03
0.022032709443465137,0.9823323145624546,0.007309893041953934,2648.1658084093597,1.2162311e-03,1022911,273.64065,17.95003,6.8662115e+02,4.6716990e+00,4.7138293e+02,2.0558233e+00,8.3132770e+02,6.1862125e+00,0,nan,nan,nan,nan,273.64065,4.2013861e-03,17.95003,4.4142581e-03,3.2774024e-03,2.3149173e-03
0.023421597593824117,0.9862261254105522,0.00730916526259867,2648.16719729751,1.2162310e-03,1022912,273.63583,17.95146,6.8946252e+02,4.6712399e+00,4.6844083e+02,2.0511477e+00,8.3462408e+02,6.1856050e+00,0,nan,nan,nan,nan,273.63583,4.1743121e-03,17.95146,4.4113407e-03,5.1723034e-03,-6.1508045e-03
0.024810485627313028,0.9902941764001207,0.00731210787714092,2648.1685861855435,1.2162308e-03,1022913,273.64516,17.95462,6.9206146e+02,4.6731277e+00,4.7189944e+02,2.0507073e+00,8.3806799e+02,6.1881042e+00,0,nan,nan,nan,nan,273.64516,4.1736844e-03,17.95462,4.3833656e-03,-1.0743114e-03,-6.7998983e-05
0.026199373777672008,0.9840933848720459,0.007308368915748233,2648.169975073694,1.2162307e-03,1022914,273.63610,17.94392,6.8789093e+02,4.6707444e+00,4.7173669e+02,2.0547905e+00,8.3282159e+02,6.1849489e+00,0,nan,nan,nan,nan,273.63610,4.1781375e-03,17.94392,4.4210521e-03,5.4901023e-03,-5.6293542e-03
0.027588261928485736,0.9809832324766907,0.0072963498895106714,2648.1713639618447,1.2162306e-03,1022915,273.63688,17.94259,6.8624579e+02,4.6630702e+00,4.7199222e+02,2.0485029e+00,8.3019080e+02,6.1747870e+00,0,nan,nan,nan,nan,273.63688,4.1837096e-03,17.94259,4.4196355e-03,-4.9229321e-04,-3.0452821e-03
0.02897714996333889,0.9719678967846552,0.007311226125752868,2648.1727528498795,1.2162303e-03,1022916,273.63724,17.94954,6.8019714e+02,4.6725855e+00,4.7323840e+02,2.0551605e+00,8.2256256e+02,6.1873865e+00,0,nan,nan,nan,nan,273.63724,4.2293421e-03,17.94954,4.4616456e-03,2.6822460e-03,-6.1981082e-03
0.03036603811324312,0.9846117637262327,0.007299934375512248,2648.1741417380294,1.2162302e-03,1022917,273.64527,17.95597,6.8803387e+02,4.6653767e+00,4.7124768e+02,2.0514386e+00,8.3326428e+02,6.1778407e+00,0,nan,nan,nan,nan,273.64527,4.1899187e-03,17.95597,4.3969313e-03,5.5297250e-03,3.2446240e-03
0.03175492614718678,0.9860091003048521,0.007304602600786177,2648.1755306260634,1.2162300e-03,1022918,273.63984,17.94861,6.8904132e+02,4.6683683e+00,4.6969678e+02,2.0512357e+00,8.3444830e+02,6.1818023e+00,0,nan,nan,nan,nan,273.63984,4.1731703e-03,17.94861,4.4065225e-03,2.9682666e-03,3.0331514e-03
0.03314381429709101,0.9793779508407344,0.007311718639850535,2648.1769195142133,1.2162299e-03,1022919,273.63733,17.95128,6.8448376e+02,4.6729250e+00,4.7000937e+02,2.0517013e+00,8.2883795e+02,6.1878357e+00,0,nan,nan,nan,nan,273.63733,4.2085345e-03,17.95128,4.4426164e-03,4.0338929e-03,-9.0266624e-03
0.03453270233103467,0.9932246848324172,0.007324046201020766,2648.1783084022472,1.2162296e-03,1022920,273.63751,17.95171,6.9361932e+02,4.6808119e+00,4.7198447e+02,2.0581305e+00,8.4055786e+02,6.1982799e+00,0,nan,nan,nan,nan,273.63751,4.1587357e-03,17.95171,4.3879561e-03,2.3155571e-03,-1.2050902e-03
0.03592159048139365,0.9887459480292671,0.0073197052001905474,2648.1796972903976,1.2162295e-03,1022921,273.64095,17.95742,6.9080475e+02,4.6780467e+00,4.7045114e+02,2.0551319e+00,8.3676917e+02,6.1946182e+00,0,nan,nan,nan,nan,273.64095,4.1802526e-03,17.95742,4.4023371e-03,-1.7563036e-03,-1.0560922e-03
0.03731047863220738,0.9840829508870609,0.007295737277284253,2648.1810861785484,1.2162294e-03,1022922,273.63872,17.95147,6.8801819e+02,4.6627378e+00,4.6736218e+02,2.0493073e+00,8.3282458e+02,6.1743464e+00,0,nan,nan,nan,nan,273.63872,4.1828789e-03,17.95147,4.4099581e-03,2.7591060e-03,-1.8081374e-03
0.03869936666660578,0.9703057222131555,0.007280057293861241,2648.182475066583,1.2162292e-03,1022923,273.64025,17.94228,6.7897186e+02,4.6527262e+00,4.6973648e+02,2.0473933e+00,8.2116669e+02,6.1610894e+00,0,nan,nan,nan,nan,273.64025,4.2196340e-03,17.94228,4.4575292e-03,6.3463803e-03,-4.0294770e-03
0.04008825481696476,0.9754283074146248,0.007292824560849574,2648.183863954733,1.2162291e-03,1022924,273.63082,17.95256,6.8234467e+02,4.6608958e+00,4.7142084e+02,2.0516417e+00,8.2550366e+02,6.1719074e+00,0,nan,nan,nan,nan,273.63082,4.2038169e-03,17.95256,4.4437936e-03,-1.2674019e-03,2.3779977e-04
0.04147714285090842,0.9813300522501519,0.007299408386529167,2648.185252842767,1.2162288e-03,1022925,273.63691,17.94400,6.8604388e+02,4.6651144e+00,4.7214035e+02,2.0521190e+00,8.3050012e+02,6.1774931e+00,0,nan,nan,nan,nan,273.63691,4.1841031e-03,17.94400,4.4231359e-03,6.4811520e-03,-3.7279178e-03
0.042866031000812654,0.9901963176803728,0.007307962901701981,2648.186641730917,1.2162287e-03,1022926,273.64110,17.94581,6.9177362e+02,4.6705918e+00,4.6920151e+02,2.0495861e+00,8.3800555e+02,6.1847467e+00,0,nan,nan,nan,nan,273.64110,4.1575958e-03,17.94581,4.3918965e-03,-5.2592735e-04,-2.7788035e-03
0.04425491903475631,0.9798278786756132,0.007318700072921583,2648.188030618951,1.2162285e-03,1022927,273.63820,17.95562,6.8510938e+02,4.6774654e+00,4.7195160e+02,2.0535653e+00,8.2923267e+02,6.1938481e+00,0,nan,nan,nan,nan,273.63820,4.2098039e-03,17.95562,4.4459924e-03,-3.3707006e-03,-6.4582089e-03
0.045643807068245223,0.9844279203728774,0.007319042179655999,2648.1894195069844,1.2162282e-03,1022928,273.64481,17.95003,6.8800775e+02,4.6776953e+00,4.7060181e+02,2.0544755e+00,8.3312769e+02,6.1941524e+00,0,nan,nan,nan,nan,273.64481,4.1917395e-03,17.95003,4.4143056e-03,6.9217305e-03,3.2297524e-03
0.0470326952195137,0.9931524081598299,0.00731665134784259,2648.1908083951357,1.2162281e-03,1022929,273.63197,17.94300,6.9374744e+02,4.6761785e+00,4.7119772e+02,2.0529299e+00,8.4051337e+02,6.1921444e+00,0,nan,nan,nan,nan,273.63197,4.1481648e-03,17.94300,4.3863854e-03,-2.2204719e-03,-8.2561346e-03
0.048421583253912104,0.983965131240276,0.007305999343945466,2648.19219728317,1.2162279e-03,1022930,273.64087,17.95142,6.8754047e+02,4.6693826e+00,4.7329181e+02,2.0514116e+00,8.3274017e+02,6.1831450e+00,0,nan,nan,nan,nan,273.64087,4.1930652e-03,17.95142,4.4084904e-03,2.8132414e-03,1.3218517e-03
0.04981047140381634,0.9835623130369542,0.007307530843477404,2648.19358617132,1.2162278e-03,1022931,273.64204,17.94445,6.8767432e+02,4.6703734e+00,4.7191556e+02,2.0535212e+00,8.3240143e+02,6.1844573e+00,0,nan,nan,nan,nan,273.64204,4.1958834e-03,17.94445,4.3965168e-03,3.5847470e-03,-4.2614192e-03
0.051199359437759995,0.9929553314036849,0.007307411211700527,2648.194975059354,1.2162275e-03,1022932,273.63481,17.94593,6.9304065e+02,4.6703091e+00,4.7007285e+02,2.0538659e+00,8.4035309e+02,6.1843724e+00,0,nan,nan,nan,nan,273.63481,4.1532759e-03,17.94593,4.3822569e-03,-2.2857781e-03,1.2254682e-03
0.05258824747170365,0.9942021211135822,0.007303255588475619,2648.196363947388,1.2162273e-03,1022933,273.63578,17.94754,6.9466229e+02,4.6676660e+00,4.6597937e+02,2.0456371e+00,8.4141058e+02,6.1808724e+00,0,nan,nan,nan,nan,273.63578,4.1494234e-03,17.94754,4.3695378e-03,4.4384794e-03,-4.4233650e-03
0.05397713562297213,0.9863209457458177,0.007326665471310736,2648.197752835539,1.2162272e-03,1022934,273.64365,17.94842,6.8859119e+02,4.6826410e+00,4.7668271e+02,2.0588181e+00,8.3474292e+02,6.2007022e+00,0,nan,nan,nan,nan,273.64365,4.1951844e-03,17.94842,4.4151517e-03,1.1019214e-02,-5.6342822e-03
0.055366023656915786,0.9804387720697068,0.007307164497983725,2648.199141723573,1.2162270e-03,1022935,273.64393,17.94689,6.8576892e+02,4.6701908e+00,4.7321646e+02,2.0572281e+00,8.2976709e+02,6.1842155e+00,0,nan,nan,nan,nan,273.64393,4.1939295e-03,17.94689,4.4272267e-03,-4.2916737e-03,-4.0774015e-03
0.05675491180818426,0.9886142649282171,0.007312856220869678,2648.2005306117244,1.2162268e-03,1022936,273.63946,17.95158,6.9104266e+02,4.6738424e+00,4.7002554e+02,2.0512435e+00,8.3668866e+02,6.1890507e+00,0,nan,nan,nan,nan,273.63946,4.1737389e-03,17.95158,4.3943324e-03,1.3542266e-03,-3.2717695e-03
0.058143799842582666,0.9836293431705113,0.007315832737468117,2648.201919499759,1.2162266e-03,1022937,273.64113,17.95282,6.8736761e+02,4.6757584e+00,4.7593689e+02,2.0544002e+00,8.3247229e+02,6.1915884e+00,0,nan,nan,nan,nan,273.64113,4.1899243e-03,17.95282,4.4180695e-03,4.6008942e-03,2.3082236e-03
0.05953268787607158,0.9859560599675679,0.007306128437834251,2648.2033083877923,1.2162264e-03,1022938,273.63366,17.94560,6.8905688e+02,4.6695704e+00,4.7248853e+02,2.0540266e+00,8.3444403e+02,6.1833944e+00,0,nan,nan,nan,nan,273.63366,4.1764951e-03,17.94560,4.4060592e-03,-2.2425025e-03,-6.1678689e-04
0.06092157602643056,0.9942594163460698,0.0073232774064539595,2648.2046972759426,1.2162263e-03,1022939,273.63947,17.94454,6.9440845e+02,4.6805458e+00,4.7432376e+02,2.0574477e+00,8.4147400e+02,6.1979275e+00,0,nan,nan,nan,nan,273.63947,4.1429000e-03,17.94454,4.3785786e-03,7.1145124e-03,-6.2370156e-03
0.062310464060374215,1.0054151623822332,0.007327252184602352,2648.2060861639766,1.2162260e-03,1022940,273.63905,17.95077,7.0145685e+02,4.6831012e+00,4.7126682e+02,2.0522056e+00,8.5091821e+02,6.2013111e+00,0,nan,nan,nan,nan,273.63905,4.1135526e-03,17.95077,4.3381965e-03,-4.9226638e-04,-4.0552070e-04
0.06369935209431787,0.9948582683340732,0.007311948999612585,2648.2074750520105,1.2162258e-03,1022941,273.63311,17.94740,6.9489105e+02,4.6733356e+00,4.7141006e+02,2.0511856e+00,8.4198627e+02,6.1883798e+00,0,nan,nan,nan,nan,273.63311,4.1478002e-03,17.94740,4.3731974e-03,2.7168361e-03,-2.6537215e-03
0.06508824012780678,0.9993872791701893,0.00731160929699098,2648.208863940044,1.2162256e-03,1022942,273.63854,17.94184,6.9775891e+02,4.6731334e+00,4.6861588e+02,2.0494385e+00,8.4582214e+02,6.1881127e+00,0,nan,nan,nan,nan,273.63854,4.1268612e-03,17.94184,4.3605370e-03,2.1330442e-03,-1.1225758e-02
0.06647712827862051,0.9917490737245821,0.007314464530921506,2648.210252828195,1.2162254e-03,1022943,273.64316,17.95027,6.9245258e+02,4.6749749e+00,4.7233591e+02,2.0577562e+00,8.3936047e+02,6.1905503e+00,0,nan,nan,nan,nan,273.64316,4.1571106e-03,17.95027,4.3801684e-03,1.3926534e-04,-4.2869505e-03
0.06786601631347366,1.008578227326679,0.007332227585737241,2648.2116417162297,1.2162252e-03,1022944,273.63554,17.94945,7.0366937e+02,4.6863441e+00,4.7012558e+02,2.0535643e+00,8.5360669e+02,6.2056055e+00,0,nan,nan,nan,nan,273.63554,4.0991018e-03,17.94945,4.3297042e-03,6.9815048e-04,-2.3278419e-05
0.06925490434696258,1.002960514713377,0.0073172986133417895,2648.213030604263,1.2162250e-03,1022945,273.63964,17.95215,6.9917230e+02,4.6768184e+00,4.6775479e+02,2.0466516e+00,8.4885510e+02,6.1929922e+00,0,nan,nan,nan,nan,273.63964,4.1312901e-03,17.95215,4.3410375e-03,2.4163728e-03,1.4014510e-03
0.07064379238090623,1.0019948291480778,0.007328042275614721,2648.214419492297,1.2162247e-03,1022946,273.64608,17.94629,6.9998395e+02,4.6837025e+00,4.6997885e+02,2.0515523e+00,8.4804089e+02,6.2021074e+00,0,nan,nan,nan,nan,273.64608,4.1356860e-03,17.94629,4.3500452e-03,-7.4988012e-03,-2.8197579e-03
0.07203268053081047,0.9977243460996095,0.007317541907683043,2648.215808380447,1.2162246e-03,1022947,273.64465,17.95048,6.9648743e+02,4.6770082e+00,4.7015106e+02,2.0484703e+00,8.4442963e+02,6.1932430e+00,0,nan,nan,nan,nan,273.64465,4.1475832e-03,17.95048,4.3628602e-03,4.0541040e-03,-3.7138588e-03
0.07342156856475412,0.9849932649529698,0.007303082689197012,2648.217197268481,1.2162244e-03,1022948,273.63407,17.94997,6.8828320e+02,4.6677842e+00,4.7075525e+02,2.0537806e+00,8.3365771e+02,6.1810284e+00,0,nan,nan,nan,nan,273.63407,4.1822386e-03,17.94997,4.4066384e-03,3.4199981e-03,-1.5779464e-03
0.07481045659869778,1.0037079168447456,0.007326695206198015,2648.218586156515,1.2162242e-03,1022949,273.63989,17.94916,7.0070758e+02,4.6828933e+00,4.7003885e+02,2.0524740e+00,8.4950018e+02,6.2010365e+00,0,nan,nan,nan,nan,273.63989,4.1225706e-03,17.94916,4.3521672e-03,2.0884627e-03,-1.0014973e-02
0.07619934463309619,0.9989655433773541,0.007330807546732117,2648.2199750445493,1.2162239e-03,1022950,273.63534,17.94901,6.9764868e+02,4.6855402e+00,4.7079236e+02,2.0574706e+00,8.4548975e+02,6.2045407e+00,0,nan,nan,nan,nan,273.63534,4.1362769e-03,17.94901,4.3660961e-03,-2.7847870e-03,2.0245665e-03
0.0775882326674946,1.003048839710246,0.007323442483177271,2648.2213639325837,1.2162237e-03,1022951,273.63734,17.95349,7.0037048e+02,4.6808510e+00,4.6924283e+02,2.0525713e+00,8.4894897e+02,6.1983314e+00,0,nan,nan,nan,nan,273.63734,4.1118716e-03,17.95349,4.3454720e-03,2.0869658e-03,-9.8026488e-03
0.07897712081785357,1.0046937219225172,0.007323664400012641,2648.222752820734,1.2162236e-03,1022952,273.64818,17.95512,7.0137341e+02,4.6810112e+00,4.7050104e+02,2.0506995e+00,8.5034460e+02,6.1985440e+00,0,nan,nan,nan,nan,273.64818,4.1264608e-03,17.95512,4.3344623e-03,6.9623012e-03,3.2862613e-03
0.08036600885179723,1.0105844955151033,0.007331504884627736,2648.224141708768,1.2162233e-03,1022953,273.63854,17.93959,7.0502344e+02,4.6860414e+00,4.6855920e+02,2.0575280e+00,8.5533380e+02,6.2052050e+00,0,nan,nan,nan,nan,273.63854,4.0996652e-03,17.93959,4.3171006e-03,2.7780237e-03,-1.9978029e-03
0.08175489688528614,0.9952540927744642,0.007321668969849116,2648.2255305968015,1.2162231e-03,1022954,273.64199,17.95330,6.9521216e+02,4.6797738e+00,4.6781104e+02,2.0509427e+00,8.4236200e+02,6.1969056e+00,0,nan,nan,nan,nan,273.64199,4.1554500e-03,17.95330,4.3798410e-03,1.3113247e-03,-4.0020822e-03
0.0831437849192298,1.0027770058685932,0.007331469662343731,2648.2269194848354,1.2162229e-03,1022955,273.63879,17.95057,7.0005688e+02,4.6860580e+00,4.7241260e+02,2.0542521e+00,8.4873285e+02,6.2052269e+00,0,nan,nan,nan,nan,273.63879,4.1206130e-03,17.95057,4.3522264e-03,8.5674512e-04,-4.1297609e-03
0.08453267295317346,1.0032892489028835,0.007323618775867544,2648.2283083728694,1.2162226e-03,1022956,273.64876,17.94348,7.0003815e+02,4.6810598e+00,4.6930646e+02,2.0504639e+00,8.4916998e+02,6.1986084e+00,0,nan,nan,nan,nan,273.64876,4.1350285e-03,17.94348,4.3451102e-03,2.8060989e-03,-1.8969976e-03
0.08592156098757187,0.9886552131913209,0.007330469598619727,2648.229697260904,1.2162224e-03,1022957,273.63855,17.95440,6.9085785e+02,4.6854591e+00,4.6994214e+02,2.0577474e+00,8.3678754e+02,6.2044334e+00,0,nan,nan,nan,nan,273.63855,4.1812151e-03,17.95440,4.4159931e-03,-3.3731393e-03,3.1295044e-03
0.08731044902197027,1.009709034075065,0.007325947209104167,2648.231086148938,1.2162222e-03,1022958,273.63304,17.94798,7.0445123e+02,4.6825886e+00,4.7130984e+02,2.0533152e+00,8.5461102e+02,6.2006330e+00,0,nan,nan,nan,nan,273.63304,4.0912889e-03,17.94798,4.3224944e-03,6.9287051e-03,-7.7543124e-03
0.08869933705591393,1.0000575306468884,0.007308518203484716,2648.232475036972,1.2162220e-03,1022959,273.63375,17.94764,6.9841400e+02,4.6714692e+00,4.6512595e+02,2.0459330e+00,8.4644580e+02,6.1859088e+00,0,nan,nan,nan,nan,273.63375,4.1189240e-03,17.94764,4.3538311e-03,4.8790234e-03,3.6283252e-03
0.09008822508940284,0.9942851210057013,0.007320461053259769,2648.2338639250056,1.2162217e-03,1022960,273.63865,17.95314,6.9413391e+02,4.6791244e+00,4.7123190e+02,2.0539498e+00,8.4156384e+02,6.1960449e+00,0,nan,nan,nan,nan,273.63865,4.1654543e-03,17.95314,4.3820273e-03,1.6416198e-03,-6.0493732e-03
0.0914771131233465,0.9947392815482895,0.007316613250148948,2648.2352528130396,1.2162215e-03,1022961,273.63662,17.95038,6.9491669e+02,4.6766863e+00,4.7005026e+02,2.0504949e+00,8.4195209e+02,6.1928167e+00,0,nan,nan,nan,nan,273.63662,4.1571567e-03,17.95038,4.3706652e-03,-3.5723255e-04,-4.5100977e-03
0.09286600115729016,0.9959794952073494,0.007320427540808405,2648.2366417010735,1.2162213e-03,1022962,273.64603,17.95021,6.9579010e+02,4.6791458e+00,4.7482474e+02,2.0517392e+00,8.4300574e+02,6.1960740e+00,0,nan,nan,nan,nan,273.64603,4.1486700e-03,17.95021,4.3768459e-03,3.1986786e-03,-3.8291868e-03
0.09425488919123381,1.0031527332875638,0.007336424737805775,2648.2380305891074,1.2162210e-03,1022963,273.63001,17.95068,7.0020972e+02,4.6893930e+00,4.7231592e+02,2.0569217e+00,8.4908124e+02,6.2096434e+00,0,nan,nan,nan,nan,273.63001,4.1086935e-03,17.95068,4.3519558e-03,1.8646092e-03,-1.9632068e-03
0.09564377722517747,1.0002889709958622,0.0073216507730727845,2648.2394194771414,1.2162208e-03,1022964,273.64772,17.95487,6.9813098e+02,4.6799717e+00,4.7129700e+02,2.0516319e+00,8.4666138e+02,6.1971679e+00,0,nan,nan,nan,nan,273.64772,4.1352999e-03,17.95487,4.3530846e-03,5.5314526e-03,-3.4358837e-03
0.09703266526003063,0.9902205969039755,0.007317490395167799,2648.2408083651762,1.2162206e-03,1022965,273.63926,17.95598,6.9176373e+02,4.6773357e+00,4.7538638e+02,2.0546944e+00,8.3814337e+02,6.1936765e+00,0,nan,nan,nan,nan,273.63926,4.1733165e-03,17.95598,4.3890090e-03,-7.5900723e-04,1.7138321e-03
0.09842155329397428,0.989083082598861,0.0073163947185570476,2648.24219725321,1.2162203e-03,1022966,273.63910,17.94585,6.9135602e+02,4.6766582e+00,4.7115424e+02,2.0570889e+00,8.3718469e+02,6.1927795e+00,0,nan,nan,nan,nan,273.63910,4.1682636e-03,17.94585,4.3875212e-03,3.8080995e-03,-3.7381684e-03
0.0998104413274632,0.9986381737575111,0.007324711496010356,2648.2435861412437,1.2162201e-03,1022967,273.64017,17.95187,6.9735657e+02,4.6819978e+00,4.7180417e+02,2.0536420e+00,8.4527655e+02,6.1998501e+00,0,nan,nan,nan,nan,273.64017,4.1248943e-03,17.95187,4.3651215e-03,5.3623522e-04,-4.7875983e-03
0.10119932936140685,0.9959429654621262,0.0073281444873006035,2648.2449750292776,1.2162199e-03,1022968,273.63939,17.95902,6.9534906e+02,4.6842155e+00,4.7282712e+02,2.0561180e+00,8.4299951e+02,6.2027869e+00,0,nan,nan,nan,nan,273.63939,4.1464823e-03,17.95902,4.3755407e-03,5.9204479e-04,1.4142927e-03
0.10258821739580526,0.9922191875195405,0.007314450144755147,2648.246363917312,1.2162196e-03,1022969,273.64268,17.94870,6.9342883e+02,4.6754861e+00,4.7354297e+02,2.0535924e+00,8.3985187e+02,6.1912274e+00,0,nan,nan,nan,nan,273.64268,4.1581434e-03,17.94870,4.3844818e-03,3.2320889e-03,-1.3181754e-02
0.10397710543020366,1.0032323996792611,0.00732404076482974,2648.2477528053464,1.2162194e-03,1022970,273.63945,17.95495,7.0038635e+02,4.6816406e+00,4.7098071e+02,2.0513415e+00,8.4917828e+02,6.1993771e+00,0,nan,nan,nan,nan,273.63945,4.1265134e-03,17.95495,4.3406179e-03,4.3648272e-03,1.3174001e-03
0.10536599346460207,0.9981661671634214,0.007325794853857411,2648.249141693381,1.2162192e-03,1022971,273.63914,17.95046,6.9713818e+02,4.6827860e+00,4.7197433e+02,2.0531361e+00,8.4489441e+02,6.2008944e+00,0,nan,nan,nan,nan,273.63914,4.1324762e-03,17.95046,4.3677078e-03,4.2831805e-03,-6.7596296e-03
0.10675488149945522,0.9884719024797336,0.0073097171196800075,2648.2505305814157,1.2162189e-03,1022972,273.64194,17.95021,6.9085822e+02,4.6725340e+00,4.7285226e+02,2.0533192e+00,8.3669318e+02,6.1873183e+00,0,nan,nan,nan,nan,273.64194,4.1605998e-03,17.95021,4.3869237e-03,1.5761120e-03,5.1673909e-04
0.10814376953294413,1.0008087081179802,0.007318545495025709,2648.251919469449,1.2162187e-03,1022973,273.63564,17.94761,6.9878064e+02,4.6782022e+00,4.7022159e+02,2.0510297e+00,8.4714020e+02,6.1948242e+00,0,nan,nan,nan,nan,273.63564,4.1203089e-03,17.94761,4.3550404e-03,4.2804223e-03,-5.1682047e-03
0.10953265756688779,1.0035670508390708,0.007328399466597563,2648.253308357483,1.2162185e-03,1022974,273.63670,17.94619,7.0049707e+02,4.6845264e+00,4.7058688e+02,2.0527637e+00,8.4947968e+02,6.2031989e+00,0,nan,nan,nan,nan,273.63670,4.1268854e-03,17.94619,4.3579154e-03,-2.6601036e-03,-3.7525923e-03
0.11092154548441613,0.9894076629084642,0.007306495632748435,2648.2546972454006,1.2162181e-03,1022975,273.63743,17.94870,6.9132843e+02,4.6705508e+00,4.7082022e+02,2.0518703e+00,8.3749890e+02,6.1846924e+00,0,nan,nan,nan,nan,273.63743,4.1597518e-03,17.94870,4.3881182e-03,4.4615380e-03,-6.0436258e-04
0.11231043351790504,1.0147835012400632,0.007332473290999729,2648.256086133434,1.2162179e-03,1022976,273.64151,17.95530,7.0778687e+02,4.6871824e+00,4.7121417e+02,2.0525227e+00,8.5898346e+02,6.2067161e+00,0,nan,nan,nan,nan,273.64151,4.0861242e-03,17.95530,4.3053180e-03,3.2867305e-03,-1.7990177e-03
0.1136993215518487,1.0031989897119187,0.007325180397172934,2648.257475021468,1.2162176e-03,1022977,273.64137,17.94646,7.0031592e+02,4.6825471e+00,4.7114978e+02,2.0526321e+00,8.4918231e+02,6.2005777e+00,0,nan,nan,nan,nan,273.64137,4.1212924e-03,17.94646,4.3435353e-03,5.7877474e-03,-7.0438846e-03
0.11508820958670185,1.0022959583750348,0.007318852700556654,2648.258863909503,1.2162174e-03,1022978,273.64157,17.94074,6.9976575e+02,4.6785288e+00,4.6885712e+02,2.0530949e+00,8.4842273e+02,6.1952567e+00,0,nan,nan,nan,nan,273.64157,4.1200249e-03,17.94074,4.3470715e-03,3.5157159e-03,-2.4982290e-03
0.11647709762064551,1.0101570281393644,0.007327752357625907,2648.260252797537,1.2162172e-03,1022979,273.64519,17.95087,7.0426062e+02,4.6842451e+00,4.7075717e+02,2.0501261e+00,8.5508191e+02,6.2028260e+00,0,nan,nan,nan,nan,273.64519,4.1039339e-03,17.95087,4.3213731e-03,-7.7115855e-04,-1.2912032e-03
0.11786598565458917,1.0092825717171372,0.007338701378666909,2648.261641685571,1.2162169e-03,1022980,273.63521,17.95221,7.0391223e+02,4.6912713e+00,4.7232550e+02,2.0561998e+00,8.5434662e+02,6.2121305e+00,0,nan,nan,nan,nan,273.63521,4.1114255e-03,17.95221,4.3369294e-03,4.5201226e-04,-2.9186618e-03
0.1192548735721175,1.0004168126933126,0.007314533461046549,2648.2630305734883,1.2162166e-03,1022981,273.63664,17.95627,6.9876691e+02,4.6758499e+00,4.7037634e+02,2.0519469e+00,8.4684686e+02,6.1917090e+00,0,nan,nan,nan,nan,273.63664,4.1177734e-03,17.95627,4.3531540e-03,3.5528062e-04,-3.1446165e-03
0.12064376160606116,1.020277053040315,0.007337044615217793,2648.2644194615223,1.2162164e-03,1022982,273.63498,17.95129,7.1119043e+02,4.6902680e+00,4.6776334e+02,2.0521042e+00,8.6366357e+02,6.2108016e+00,0,nan,nan,nan,nan,273.63498,4.0634796e-03,17.95129,4.2862915e-03,-1.8052282e-04,-1.2607857e-03
0.12203264963955007,1.0018272338695071,0.007315390794927171,2648.2658083495558,1.2162161e-03,1022983,273.63741,17.95070,6.9947455e+02,4.6764536e+00,4.6967856e+02,2.0526447e+00,8.4805096e+02,6.1925092e+00,0,nan,nan,nan,nan,273.63741,4.1209492e-03,17.95070,4.3411483e-03,4.3189779e-04,-4.3562963e-03
0.12342153767349373,1.0020772533230229,0.007338490383574244,2648.2671972375897,1.2162159e-03,1022984,273.64080,17.95194,6.9952954e+02,4.6912494e+00,4.7124829e+02,2.0532646e+00,8.4826776e+02,6.2121010e+00,0,nan,nan,nan,nan,273.64080,4.1299420e-03,17.95194,4.3644812e-03,4.9570138e-03,-1.3313981e-04
0.12481042559147681,0.9956328176604675,0.007325561271361199,2648.2685861255077,1.2162155e-03,1022985,273.63972,17.94456,6.9569604e+02,4.6830130e+00,4.7590366e+02,2.0557699e+00,8.4281769e+02,6.2011943e+00,0,nan,nan,nan,nan,273.63972,4.1543050e-03,17.94456,4.3712184e-03,4.1983221e-03,-9.0944469e-03
0.12619931362587522,0.9997228739193275,0.007320134541950122,2648.269975013542,1.2162153e-03,1022986,273.64277,17.95332,6.9795673e+02,4.6795726e+00,4.7034933e+02,2.0505986e+00,8.4628528e+02,6.1966391e+00,0,nan,nan,nan,nan,273.64277,4.1441876e-03,17.95332,4.3588900e-03,-1.0119613e-03,-3.6754059e-03
0.12758820165981888,0.9987890309443532,0.007320505795643055,2648.271363901576,1.2162151e-03,1022987,273.63226,17.95193,6.9767218e+02,4.6798396e+00,4.7140045e+02,2.0523531e+00,8.4550006e+02,6.1969924e+00,0,nan,nan,nan,nan,273.63226,4.1472400e-03,17.95193,4.3522939e-03,2.6038853e-03,-3.3012573e-03
0.12897708957689247,1.0008593083474218,0.007323715890730723,2648.272752789493,1.2162147e-03,1022988,273.64079,17.95051,6.9900928e+02,4.6819215e+00,4.6956989e+02,2.0509908e+00,8.4725800e+02,6.1997495e+00,0,nan,nan,nan,nan,273.64079,4.1348934e-03,17.95051,4.3528085e-03,3.4318876e-04,-1.8199867e-03
0.13036597761083613,1.0012632870093483,0.007335041904273627,2648.274141677527,1.2162145e-03,1022989,273.63738,17.95191,6.9898523e+02,4.6891923e+00,4.7410376e+02,2.0562890e+00,8.4760547e+02,6.2093773e+00,0,nan,nan,nan,nan,273.63738,4.1360394e-03,17.95191,4.3539666e-03,-1.3901488e-03,1.0123365e-03
0.13175486564477978,1.0091170216191092,0.007330877864566828,2648.275530565561,1.2162143e-03,1022990,273.63802,17.94220,7.0408374e+02,4.6865606e+00,4.6974268e+02,2.0513630e+00,8.5425946e+02,6.2058926e+00,0,nan,nan,nan,nan,273.63802,4.0968517e-03,17.94220,4.3276334e-03,4.7829025e-03,-4.6743695e-03
0.13314375356230812,1.0011390925557873,0.0073290929640079635,2648.2769194534785,1.2162139e-03,1022991,273.63972,17.95488,6.9917609e+02,4.6854506e+00,4.7187866e+02,2.0567849e+00,8.4751135e+02,6.2044220e+00,0,nan,nan,nan,nan,273.63972,4.1388944e-03,17.95488,4.3513724e-03,-1.4771173e-03,-2.4298285e-03
0.13453264159625178,1.0019246498572416,0.007329783102095295,2648.2783083415125,1.2162137e-03,1022992,273.64241,17.94761,6.9953021e+02,4.6859226e+00,4.7264697e+02,2.0543780e+00,8.4818201e+02,6.2050476e+00,0,nan,nan,nan,nan,273.64241,4.1378592e-03,17.94761,4.3509998e-03,-3.1449234e-03,-4.8697451e-03
0.13592152963110493,0.9865032627829847,0.007315882071710757,2648.2796972295473,1.2162135e-03,1022993,273.63599,17.94849,6.8972791e+02,4.6770668e+00,4.7470273e+02,2.0566411e+00,8.3513257e+02,6.1933208e+00,0,nan,nan,nan,nan,273.63599,4.1736239e-03,17.94849,4.4003972e-03,8.6966326e-04,-3.4774840e-03
0.13731041754863327,0.9968364151765652,0.0073229283552605174,2648.281086117465,1.2162131e-03,1022994,273.63650,17.96049,6.9627509e+02,4.6816034e+00,4.7288846e+02,2.0520060e+00,8.4388586e+02,6.1993279e+00,0,nan,nan,nan,nan,273.63650,4.1361870e-03,17.96049,4.3692142e-03,2.8396167e-03,-5.2645025e-03
0.13869930558212218,0.9990335470369572,0.007344473716028243,2648.2824750054983,1.2162129e-03,1022995,273.63681,17.94449,6.9763422e+02,4.6954093e+00,4.7596729e+02,2.0613527e+00,8.4575165e+02,6.2176099e+00,0,nan,nan,nan,nan,273.63681,4.1470383e-03,17.94449,4.3795290e-03,2.7802545e-03,-2.3754602e-03
0.14008819349965052,0.9981537184209238,0.007320794509434401,2648.283863893416,1.2162125e-03,1022996,273.63546,17.94764,6.9715015e+02,4.6803031e+00,4.6951950e+02,2.0527458e+00,8.4501263e+02,6.1976066e+00,0,nan,nan,nan,nan,273.63546,4.1546654e-03,17.94764,4.3557268e-03,2.0092628e-03,-4.0190634e-03
0.14147708153359417,0.996487038944849,0.007336793504833937,2648.28525278145,1.2162123e-03,1022997,273.64518,17.95321,6.9624115e+02,4.6905642e+00,4.7336209e+02,2.0546005e+00,8.4360754e+02,6.2111940e+00,0,nan,nan,nan,nan,273.64518,4.1453531e-03,17.95321,4.3824580e-03,2.5802257e-03,-1.7093577e-03
0.14286596956708308,1.003731366879783,0.007318328581089808,2648.2866416694833,1.2162121e-03,1022998,273.63430,17.95206,7.0067743e+02,4.6787920e+00,4.7071939e+02,2.0497196e+00,8.4974640e+02,6.1956053e+00,0,nan,nan,nan,nan,273.63430,4.1223266e-03,17.95206,4.3435479e-03,1.6179032e-03,1.6008007e-03
0.14425485748461142,1.0004366591265061,0.007324937656766714,2648.288030557401,1.2162117e-03,1022999,273.64454,17.94465,6.9880206e+02,4.6830506e+00,4.7343344e+02,2.0527878e+00,8.4696313e+02,6.2012444e+00,0,nan,nan,nan,nan,273.64454,4.1394113e-03,17.94465,4.3599438e-03,2.5372067e-03,-8.3326967e-03
0.14564374551946457,0.9953067272848756,0.007311330155342303,2648.2894194454357,1.2162115e-03,1023000,273.64213,17.94760,6.9551154e+02,4.6743846e+00,4.7155972e+02,2.0508547e+00,8.4262622e+02,6.1897688e+00,0,nan,nan,nan,nan,273.64213,4.1472032e-03,17.94760,4.3604760e-03,1.8832989e-03,2.1154801e-03
0.1470326334369929,0.9918432898594565,0.007321718999771804,2648.290808333353,1.2162111e-03,1023001,273.63841,17.94299,6.9279565e+02,4.6810603e+00,4.7361386e+02,2.0555332e+00,8.3970013e+02,6.1986089e+00,0,nan,nan,nan,nan,273.63841,4.1648946e-03,17.94299,4.3901736e-03,3.9087324e-03,-4.2142700e-03
0.14842152147093657,1.0013069203960747,0.007325132984776604,2648.292197221387,1.2162109e-03,1023002,273.64663,17.94773,6.9930402e+02,4.6832771e+00,4.7239041e+02,2.0531383e+00,8.4771832e+02,6.2015443e+00,0,nan,nan,nan,nan,273.64663,4.1352846e-03,17.94773,4.3506292e-03,3.6516706e-03,-4.3903086e-03
0.1498104093884649,1.004234751144988,0.007325054924808917,2648.2935861093047,1.2162105e-03,1023003,273.64024,17.95213,7.0093750e+02,4.6832614e+00,4.7334988e+02,2.0525017e+00,8.5020331e+02,6.2015238e+00,0,nan,nan,nan,nan,273.64024,4.1226856e-03,17.95213,4.3414510e-03,3.6156606e-03,-3.5492890e-04
0.15119929742240856,0.997833215638003,0.007309423274483665,2648.2949749973386,1.2162103e-03,1023004,273.63444,17.95195,6.9689679e+02,4.6733017e+00,4.6847260e+02,2.0493948e+00,8.4478986e+02,6.1883354e+00,0,nan,nan,nan,nan,273.63444,4.1382713e-03,17.95195,4.3596081e-03,3.8590287e-03,-8.4415628e-03
0.1525881853399369,1.009114244548041,0.007339935269151935,2648.296363885256,1.2162100e-03,1023005,273.63735,17.96095,7.0452228e+02,4.6928453e+00,4.6879694e+02,2.0503762e+00,8.5434705e+02,6.2142143e+00,0,nan,nan,nan,nan,273.63735,4.1130204e-03,17.96095,4.3321284e-03,2.2386359e-03,-3.1443001e-03
0.15397707325837473,0.9895592969003176,0.007320313030802073,2648.2977527731746,1.2162096e-03,1023006,273.63665,17.95736,6.9144366e+02,4.6803346e+00,4.7298007e+02,2.0552397e+00,8.3779755e+02,6.1976480e+00,0,nan,nan,nan,nan,273.63665,4.1670999e-03,17.95736,4.4022831e-03,1.4989711e-03,-2.7747441e-03
0.15536596129277314,1.0078816972125353,0.007349755648309418,2648.299141661209,1.2162094e-03,1023007,273.64066,17.95087,7.0293719e+02,4.6991954e+00,4.7231662e+02,2.0527868e+00,8.5331653e+02,6.2226229e+00,0,nan,nan,nan,nan,273.64066,4.1238237e-03,17.95087,4.3458450e-03,6.5490801e-04,2.9442692e-03
0.15675484921075622,0.997152014878405,0.007311409985074974,2648.300530549127,1.2162090e-03,1023008,273.64265,17.94049,6.9658911e+02,4.6747136e+00,4.7272858e+02,2.0513334e+00,8.4423877e+02,6.1902051e+00,0,nan,nan,nan,nan,273.64265,4.1390620e-03,17.94049,4.3566199e-03,5.8377683e-03,-5.9416601e-03
0.15814373724469988,1.003040991103053,0.0073325995132581465,2648.301919437161,1.2162088e-03,1023009,273.64302,17.95217,7.0053802e+02,4.6882977e+00,4.7258493e+02,2.0545392e+00,8.4923126e+02,6.2081933e+00,0,nan,nan,nan,nan,273.64302,4.1287346e-03,17.95217,4.3409034e-03,1.4645292e-03,-7.8267558e-04
0.15953262516222821,0.9966323865877269,0.007335640042122342,2648.3033083250784,1.2162084e-03,1023010,273.64359,17.94764,6.9623364e+02,4.6902795e+00,4.7092087e+02,2.0585303e+00,8.4381195e+02,6.2108164e+00,0,nan,nan,nan,nan,273.64359,4.1492083e-03,17.94764,4.3779230e-03,9.3109318e-04,-4.1400455e-03
0.16092151319571713,1.001938825856174,0.007327332971869186,2648.304697213112,1.2162082e-03,1023011,273.65078,17.94910,6.9907184e+02,4.6850047e+00,4.7464056e+02,2.0534437e+00,8.4831140e+02,6.2038317e+00,0,nan,nan,nan,nan,273.65078,4.1298000e-03,17.94910,4.3513277e-03,3.9723618e-03,-6.0910215e-03
0.16231040111324546,0.9992805672818224,0.007326899883805044,2648.3060861010295,1.2162079e-03,1023012,273.63836,17.94909,6.9781061e+02,4.6847653e+00,4.7005670e+02,2.0582020e+00,8.4606744e+02,6.2035146e+00,0,nan,nan,nan,nan,273.63836,4.1414956e-03,17.94909,4.3610833e-03,2.4068695e-03,-1.3454178e-03
0.16369928903031905,0.9982508273468041,0.007331332729516288,2648.3074749889465,1.2162075e-03,1023013,273.63957,17.94770,6.9700488e+02,4.6876364e+00,4.7098544e+02,2.0538497e+00,8.4520233e+02,6.2073174e+00,0,nan,nan,nan,nan,273.63957,4.1674096e-03,17.94770,4.3601301e-03,2.6688399e-03,-3.7849231e-03
0.1650881770651722,1.0014195327098165,0.007324308324648393,2648.3088638769814,1.2162073e-03,1023014,273.63741,17.95192,6.9894592e+02,4.6831827e+00,4.7056778e+02,2.0530283e+00,8.4789209e+02,6.2014198e+00,0,nan,nan,nan,nan,273.63741,4.1281725e-03,17.95192,4.3603373e-03,4.0708757e-03,-2.3014646e-03
0.1664770649831553,1.003058790406269,0.007320445967238176,2648.3102527648994,1.2162069e-03,1023015,273.63308,17.94772,7.0048187e+02,4.6807518e+00,4.6872888e+02,2.0517466e+00,8.4928699e+02,6.1982002e+00,0,nan,nan,nan,nan,273.63308,4.1152854e-03,17.94772,4.3469970e-03,5.7464855e-04,1.6674370e-04
0.16786595290068362,1.0052586114945852,0.007323616261823667,2648.311641652817,1.2162066e-03,1023016,273.64443,17.94924,7.0192041e+02,4.6828175e+00,4.6968472e+02,2.0511615e+00,8.5115649e+02,6.2009354e+00,0,nan,nan,nan,nan,273.64443,4.1194395e-03,17.94924,4.3399120e-03,1.5606846e-03,-9.2627844e-03
0.16925484093417253,1.0034454318330348,0.007338884592796133,2648.3130305408504,1.2162064e-03,1023017,273.64189,17.95210,7.0060223e+02,4.6926188e+00,4.7476358e+02,2.0584183e+00,8.4962836e+02,6.2139144e+00,0,nan,nan,nan,nan,273.64189,4.1240384e-03,17.95210,4.3528466e-03,7.0662471e-04,-9.9516625e-04
0.17064372885170087,0.995420096033676,0.007331108232524448,2648.314419428768,1.2162060e-03,1023018,273.64137,17.94891,6.9542200e+02,4.6876855e+00,4.7521497e+02,2.0651245e+00,8.4284021e+02,6.2073822e+00,0,nan,nan,nan,nan,273.64137,4.1594943e-03,17.94891,4.3751225e-03,5.2689849e-03,-5.1348861e-03
0.1720326167692292,0.9964920651736291,0.007318235777112409,2648.3158083166854,1.2162057e-03,1023019,273.63311,17.95333,6.9606689e+02,4.6794934e+00,4.7169769e+02,2.0530069e+00,8.4375494e+02,6.1965346e+00,0,nan,nan,nan,nan,273.63311,4.1414369e-03,17.95333,4.3703052e-03,3.2663452e-03,-4.6202498e-03
0.17342150468675754,1.0051143195855274,0.007328387528076024,2648.317197204603,1.2162053e-03,1023020,273.64483,17.94519,7.0166010e+02,4.6860251e+00,4.7081320e+02,2.0569293e+00,8.5106287e+02,6.2051830e+00,0,nan,nan,nan,nan,273.64483,4.1364580e-03,17.94519,4.3245861e-03,1.8879593e-03,-5.8177938e-03
0.1748103927207012,1.0054837453539094,0.007311533468554558,2648.318586092637,1.2162051e-03,1023021,273.63875,17.94790,7.0175433e+02,4.6752877e+00,4.6818454e+02,2.0462899e+00,8.5138287e+02,6.1909652e+00,0,nan,nan,nan,nan,273.63875,4.1075046e-03,17.94790,4.3303017e-03,4.5702350e-03,3.6532711e-03
0.17619928063913903,1.0084281965587059,0.007341398372443809,2648.3199749805553,1.2162047e-03,1023022,273.63239,17.95087,7.0386438e+02,4.6944251e+00,4.6986740e+02,2.0508029e+00,8.5388348e+02,6.2163062e+00,0,nan,nan,nan,nan,273.63239,4.1080224e-03,17.95087,4.3428838e-03,-1.8896379e-03,-4.0515480e-03
0.17758816855666737,0.9973993883988561,0.007330342681920294,2648.321363868473,1.2162044e-03,1023023,273.64084,17.94443,6.9705579e+02,4.6873960e+00,4.7333865e+02,2.0556252e+00,8.4455219e+02,6.2069988e+00,0,nan,nan,nan,nan,273.64084,4.1407882e-03,17.94443,4.3813530e-03,1.3651638e-03,-5.3151930e-03
0.17897705647374096,1.0101398241391222,0.00732196088289221,2648.32275275639,1.2162040e-03,1023024,273.63854,17.95108,7.0459460e+02,4.6820774e+00,4.6925372e+02,2.0493762e+00,8.5534766e+02,6.1999555e+00,0,nan,nan,nan,nan,273.63854,4.1053146e-03,17.95108,4.3113558e-03,-1.0140975e-03,1.7055579e-03
0.18036594450768462,1.0075971473202316,0.007324120793350881,2648.324141644424,1.2162038e-03,1023025,273.63873,17.94796,7.0337286e+02,4.6834998e+00,4.6812399e+02,2.0506828e+00,8.5320209e+02,6.2018390e+00,0,nan,nan,nan,nan,273.63873,4.1020964e-03,17.94796,4.3300381e-03,3.5973496e-03,-3.5560576e-03
0.1817548324247582,1.0057417693092967,0.0073321220255751895,2648.325530532341,1.2162034e-03,1023026,273.64014,17.95211,7.0194244e+02,4.6886573e+00,4.6958224e+02,2.0550904e+00,8.5163855e+02,6.2086692e+00,0,nan,nan,nan,nan,273.64014,4.1292775e-03,17.95211,4.3414817e-03,3.8599924e-03,-7.4466919e-03
0.18314372034228654,1.003141946298578,0.0073345662712537025,2648.3269194202585,1.2162031e-03,1023027,273.63283,17.95193,7.0024677e+02,4.6902628e+00,4.7255164e+02,2.0636356e+00,8.4944470e+02,6.2107944e+00,0,nan,nan,nan,nan,273.63283,4.1316720e-03,17.95193,4.3535526e-03,1.5939447e-03,5.0511252e-04
0.18453260826072437,1.0059068256643922,0.007329780220462693,2648.328308308177,1.2162027e-03,1023028,273.63912,17.94499,7.0219806e+02,4.6872444e+00,4.7015347e+02,2.0522578e+00,8.5179364e+02,6.2067976e+00,0,nan,nan,nan,nan,273.63912,4.1076220e-03,17.94499,4.3417304e-03,3.5620357e-03,-1.2917346e-03
0.1859214961782527,0.9916549082670196,0.0073066929901068065,2648.3296971960945,1.2162024e-03,1023029,273.63623,17.94876,6.9307422e+02,4.6725230e+00,4.7171725e+02,2.0512629e+00,8.3973285e+02,6.1873035e+00,0,nan,nan,nan,nan,273.63623,4.1574347e-03,17.94876,4.3823170e-03,4.4510234e-03,-4.3753078e-03
0.18731038409578105,1.00218277632367,0.007331844096312122,2648.331086084012,1.2162020e-03,1023030,273.63719,17.94770,6.9998846e+02,4.6886492e+00,4.6854437e+02,2.0574191e+00,8.4865558e+02,6.2086582e+00,0,nan,nan,nan,nan,273.63719,4.1388497e-03,17.94770,4.3600677e-03,-6.0049370e-03,-3.6592279e-03
0.18869927201330938,1.002132317294437,0.007348829736582965,2648.3324749719295,1.2162017e-03,1023031,273.64609,17.94489,6.9995892e+02,4.6995549e+00,4.7200333e+02,2.0555835e+00,8.4862067e+02,6.2230992e+00,0,nan,nan,nan,nan,273.64609,4.1332296e-03,17.94489,4.3661892e-03,6.2479870e-03,-5.1285787e-03
0.19008815993083772,0.9982582307819536,0.007342136988166352,2648.333863859847,1.2162013e-03,1023032,273.63974,17.94469,6.9727277e+02,4.6953182e+00,4.7227734e+02,2.0567410e+00,8.4534784e+02,6.2174892e+00,0,nan,nan,nan,nan,273.63974,4.1466150e-03,17.94469,4.3800725e-03,-1.5071072e-04,-4.5913025e-03
0.19147704796432663,0.9808725406851692,0.007304181352714034,2648.3352527478805,1.2162011e-03,1023033,273.63572,17.95568,6.8587323e+02,4.6710892e+00,4.7450226e+02,2.0581169e+00,8.3063300e+02,6.1854053e+00,0,nan,nan,nan,nan,273.63572,4.1930703e-03,17.95568,4.4211857e-03,-3.6742969e-04,2.0574005e-03
0.19286593588185497,1.0061382583572815,0.007317006122676725,2648.336641635798,1.2162008e-03,1023034,273.63574,17.95200,7.0232446e+02,4.6793346e+00,4.6908685e+02,2.0493083e+00,8.5203680e+02,6.1963239e+00,0,nan,nan,nan,nan,273.63574,4.0971027e-03,17.95200,4.3430221e-03,2.3755229e-03,-6.0697035e-03
0.19425482379983805,1.0047756674117763,0.007322208371219173,2648.338030523716,1.2162004e-03,1023035,273.64072,17.95079,7.0180450e+02,4.6827054e+00,4.7119296e+02,2.0507095e+00,8.5089093e+02,6.2007880e+00,0,nan,nan,nan,nan,273.64072,4.1280775e-03,17.95079,4.3346821e-03,-2.4821064e-03,-7.7982056e-03
0.19564371171782113,1.0066443117923087,0.007335115568126485,2648.339419411634,1.2162001e-03,1023036,273.64365,17.94931,7.0285785e+02,4.6910052e+00,4.6893497e+02,2.0528851e+00,8.5248151e+02,6.2117777e+00,0,nan,nan,nan,nan,273.64365,4.1257329e-03,17.94931,4.3406049e-03,6.1845486e-03,-3.7219685e-03
0.19703259963534947,1.0015522688436003,0.00732004121688349,2648.3408082995516,1.2161997e-03,1023037,273.64312,17.94764,6.9947504e+02,4.6814098e+00,4.6880377e+02,2.0561285e+00,8.4817749e+02,6.1990714e+00,0,nan,nan,nan,nan,273.64312,4.1248892e-03,17.94764,4.3497635e-03,4.0973253e-03,-2.8835365e-03
0.1984214875528778,1.0012953976477539,0.0073357639907936905,2648.342197187469,1.2161994e-03,1023038,273.63868,17.94899,6.9934192e+02,4.6915102e+00,4.7591388e+02,2.0592308e+00,8.4796814e+02,6.2124462e+00,0,nan,nan,nan,nan,273.63868,4.1406057e-03,17.94899,4.3600705e-03,2.1420671e-03,-7.0916134e-04
0.1998103754699514,1.0062256390175595,0.007324820026080825,2648.343586075386,1.2161990e-03,1023039,273.63936,17.94642,7.0229755e+02,4.6845565e+00,4.6875583e+02,2.0579946e+00,8.5215167e+02,6.2032385e+00,0,nan,nan,nan,nan,273.63936,4.1139717e-03,17.94642,4.3370361e-03,2.4547684e-03,-4.2765141e-03
0.20119926338838923,0.996587829549258,0.007305359997318313,2648.3449749633046,1.2161987e-03,1023040,273.64436,17.95327,6.9589771e+02,4.6721563e+00,4.6815778e+02,2.0480814e+00,8.4399786e+02,6.1868186e+00,0,nan,nan,nan,nan,273.64436,4.1336794e-03,17.95327,4.3660551e-03,8.1041455e-04,-2.3230214e-03
0.2025881513063723,0.9926843364143928,0.007307468718092114,2648.3463638512226,1.2161983e-03,1023041,273.63787,17.95742,6.9344171e+02,4.6735511e+00,4.7116727e+02,2.0507648e+00,8.4070032e+02,6.1886654e+00,0,nan,nan,nan,nan,273.63787,4.1554156e-03,17.95742,4.3845465e-03,3.7727470e-03,-9.3755290e-05
0.2039770392243554,1.0027999688748965,0.007332976612305447,2648.3477527391406,1.2161980e-03,1023042,273.63583,17.94625,7.0029468e+02,4.6899114e+00,4.7015347e+02,2.0528166e+00,8.4927563e+02,6.2103295e+00,0,nan,nan,nan,nan,273.63583,4.1332836e-03,17.94625,4.3634921e-03,-2.2393130e-03,-4.6895444e-03
0.20536592714233848,1.0128453136729962,0.007334162244053117,2648.3491416270585,1.2161976e-03,1023043,273.63980,17.95541,7.0634479e+02,4.6907163e+00,4.6528430e+02,2.0478175e+00,8.5779163e+02,6.2113957e+00,0,nan,nan,nan,nan,273.63980,4.0795952e-03,17.95541,4.3183379e-03,2.9670768e-03,9.2583417e-04
0.20675481505986681,0.9851622808442304,0.007298738965232649,2648.350530514976,1.2161973e-03,1023044,273.63703,17.94298,6.8916125e+02,4.6681080e+00,4.7284613e+02,2.0525458e+00,8.3435492e+02,6.1814575e+00,0,nan,nan,nan,nan,273.63703,4.1674380e-03,17.94298,4.3929685e-03,3.9797309e-03,-7.6188133e-03
0.2081437029769404,0.9955350373110603,0.00731824286536603,2648.351919402893,1.2161969e-03,1023045,273.64148,17.95042,6.9571851e+02,4.6806293e+00,4.7214844e+02,2.0529709e+00,8.4314838e+02,6.1980386e+00,0,nan,nan,nan,nan,273.64148,4.1484176e-03,17.95042,4.3644123e-03,-3.3021753e-03,-2.1292751e-03
0.20953259077805342,0.9982917686292557,0.007324038381804512,2648.3533082906943,1.2161965e-03,1023046,273.63955,17.95330,6.9765112e+02,4.6843839e+00,4.7216003e+02,2.0530989e+00,8.4549176e+02,6.2030101e+00,0,nan,nan,nan,nan,273.63955,4.1416744e-03,17.95330,4.3660621e-03,4.3335832e-03,-2.5808525e-03
0.21092147869558175,1.0058438137033854,0.007326858960421931,2648.354697178612,1.2161961e-03,1023047,273.63720,17.95338,7.0219330e+02,4.6862359e+00,4.7181940e+02,2.0496628e+00,8.5189655e+02,6.2054625e+00,0,nan,nan,nan,nan,273.63720,4.1301306e-03,17.95338,4.3437607e-03,-1.2594544e-03,5.0379802e-03
0.2123103666131101,1.0010095067890004,0.007310306209557659,2648.3560860665293,1.2161958e-03,1023048,273.64107,17.95190,6.9870953e+02,4.6756973e+00,4.6812091e+02,2.0486736e+00,8.4781097e+02,6.1915073e+00,0,nan,nan,nan,nan,273.64107,4.1276789e-03,17.95190,4.3560751e-03,8.6357500e-03,-3.8211597e-03
0.21369925453063843,0.9887927094834439,0.007311391338988709,2648.357474954447,1.2161954e-03,1023049,273.62685,17.94418,6.9113660e+02,4.6764398e+00,4.7419330e+02,2.0594256e+00,8.3747253e+02,6.1924906e+00,0,nan,nan,nan,nan,273.62685,4.1619749e-03,17.94418,4.3979702e-03,-6.7844160e-04,-1.6364511e-02
0.21508814244907626,0.9978124132376478,0.007305833843349295,2648.3588638423653,1.2161951e-03,1023050,273.63498,17.95624,6.9694757e+02,4.6729341e+00,4.6923285e+02,2.0491464e+00,8.4512073e+02,6.1878481e+00,0,nan,nan,nan,nan,273.63498,4.1357223e-03,17.95624,4.3597794e-03,1.9092119e-03,8.8234814e-03
0.2164770303666046,0.9882164542802537,0.007307079102382189,2648.360252730283,1.2161947e-03,1023051,273.64625,17.94576,6.9099292e+02,4.6737795e+00,4.7357150e+02,2.0536258e+00,8.3700201e+02,6.1889682e+00,0,nan,nan,nan,nan,273.64625,4.1702436e-03,17.94576,4.3936041e-03,4.8032734e-03,-1.2878838e-02
0.21786591828367818,1.0082305972912091,0.007351800238221164,2648.3616416182,1.2161944e-03,1023052,273.63916,17.95357,7.0393182e+02,4.7024345e+00,4.7025488e+02,2.0544698e+00,8.5396265e+02,6.2269120e+00,0,nan,nan,nan,nan,273.63916,4.1170246e-03,17.95357,4.3551796e-03,4.9179741e-03,6.3876002e-03
0.2192548060847912,0.9976335648380181,0.0073270666484750386,2648.363030506001,1.2161939e-03,1023053,273.63155,17.94470,6.9712964e+02,4.6866636e+00,4.7192731e+02,2.0539091e+00,8.4499609e+02,6.2060289e+00,0,nan,nan,nan,nan,273.63155,4.1391817e-03,17.94470,4.3761791e-03,4.0211556e-03,-9.1622816e-03
0.2206436940018648,0.9960565136837517,0.007329069434023742,2648.364419393918,1.2161935e-03,1023054,273.63739,17.96047,6.9608331e+02,4.6879950e+00,4.7685712e+02,2.0590529e+00,8.4366937e+02,6.2077918e+00,0,nan,nan,nan,nan,273.63739,4.1547460e-03,17.96047,4.3728170e-03,-3.6550583e-03,4.3949033e-03
0.22203258191939312,0.9906173077770954,0.0073149434843070415,2648.3658082818356,1.2161932e-03,1023055,273.64588,17.94302,6.9312701e+02,4.6790099e+00,4.7294836e+02,2.0552857e+00,8.3907135e+02,6.1958938e+00,0,nan,nan,nan,nan,273.64588,4.1596522e-03,17.94302,4.3824730e-03,6.7928368e-03,-1.1053366e-02
0.22342146983783095,1.0081920291220636,0.007316264370614885,2648.367197169754,1.2161928e-03,1023056,273.63509,17.95519,7.0410345e+02,4.6799054e+00,4.6708405e+02,2.0468538e+00,8.5396674e+02,6.1970797e+00,0,nan,nan,nan,nan,273.63509,4.0936619e-03,17.95519,4.3206466e-03,-2.3337477e-03,1.8985911e-03
0.22481035775581404,1.0013804854570139,0.0073215116252925115,2648.368586057672,1.2161925e-03,1023057,273.64331,17.94357,7.0002484e+02,4.6833129e+00,4.6726227e+02,2.0510409e+00,8.4820642e+02,6.2015920e+00,0,nan,nan,nan,nan,273.64331,4.1267606e-03,17.94357,4.3480792e-03,3.3165775e-03,-7.7097318e-03
0.2261992455564723,0.9952116779790937,0.007315692292068004,2648.3699749454727,1.2161920e-03,1023058,273.63570,17.95750,6.9454010e+02,4.6796417e+00,4.7408313e+02,2.0511365e+00,8.4299048e+02,6.1967306e+00,0,nan,nan,nan,nan,273.63570,4.1656820e-03,17.95750,4.3823882e-03,1.4211242e-03,4.4325911e-03
0.22758813347400064,0.9926708583718269,0.0073064327033839195,2648.37136383339,1.2161917e-03,1023059,273.63495,17.94598,6.9490216e+02,4.6737704e+00,4.7404999e+02,2.0535402e+00,8.4084753e+02,6.1889558e+00,0,nan,nan,nan,nan,273.63495,4.1317958e-03,17.94598,4.3696640e-03,2.0456912e-03,-3.9494382e-03
0.22897702139152898,1.0081820711350484,0.007330654943056759,2648.3727527213077,1.2161913e-03,1023060,273.64155,17.95514,7.0398254e+02,4.6893172e+00,4.7300351e+02,2.0524194e+00,8.5399585e+02,6.2095423e+00,0,nan,nan,nan,nan,273.64155,4.1138860e-03,17.95514,4.3288195e-03,7.4187131e-03,-6.9661192e-03
0.230365909192642,1.0040915898321214,0.007321415374200249,2648.374141609109,1.2161909e-03,1023061,273.65170,17.95358,7.0095050e+02,4.6834588e+00,4.6933069e+02,2.0520492e+00,8.5054047e+02,6.2017851e+00,0,nan,nan,nan,nan,273.65170,4.1282796e-03,17.95358,4.3380340e-03,3.1640437e-03,-4.1080010e-03
0.23175479710971558,0.9952040900402748,0.0073171089916811835,2648.375530497026,1.2161905e-03,1023062,273.64116,17.94746,6.9570953e+02,4.6807570e+00,4.7310669e+02,2.0550504e+00,8.4302161e+02,6.1982069e+00,0,nan,nan,nan,nan,273.64116,4.1448036e-03,17.94746,4.3729050e-03,1.2961462e-03,-9.9793996e-04
0.23314368502769867,1.0129030639021386,0.00732716910028506,2648.376919384944,1.2161902e-03,1023063,273.64172,17.94383,7.0686743e+02,4.6872454e+00,4.7040704e+02,2.0506506e+00,8.5802386e+02,6.2067990e+00,0,nan,nan,nan,nan,273.64172,4.0938957e-03,17.94383,4.3151542e-03,6.0248319e-03,-5.8181402e-03
0.23453257282972118,0.9996661489090942,0.007317098993700653,2648.378308272746,1.2161897e-03,1023064,273.64001,17.95196,6.9847809e+02,4.6808567e+00,4.7232089e+02,2.0503504e+00,8.4682056e+02,6.1983390e+00,0,nan,nan,nan,nan,273.64001,4.1344715e-03,17.95196,4.3556206e-03,-1.1611893e-03,-1.9685770e-03
0.23592146074679476,0.9938715899518912,0.007313683623944482,2648.379697160663,1.2161894e-03,1023065,273.63440,17.94168,6.9497052e+02,4.6787252e+00,4.6987173e+02,2.0526507e+00,8.4192157e+02,6.1955166e+00,0,nan,nan,nan,nan,273.63440,4.1447803e-03,17.94168,4.3780864e-03,2.3986273e-03,-7.2920979e-03
0.2373103486643231,0.997936878040635,0.007320291179116366,2648.3810860485805,1.2161890e-03,1023066,273.62893,17.94762,6.9760028e+02,4.6830063e+00,4.7123029e+02,2.0504854e+00,8.4537506e+02,6.2011852e+00,0,nan,nan,nan,nan,273.62893,4.1393135e-03,17.94762,4.3680449e-03,-4.3340537e-04,2.7283896e-03
0.23869923646498137,0.9935304043875454,0.007299954808138404,2648.382474936381,1.2161885e-03,1023067,273.63721,17.95035,6.9448474e+02,4.6700501e+00,4.6962918e+02,2.0487237e+00,8.4165198e+02,6.1840296e+00,0,nan,nan,nan,nan,273.63721,4.1470658e-03,17.95035,4.3697897e-03,5.5530586e-04,-4.2057284e-03
0.2400881243825097,1.0006499615928008,0.0073212095074835165,2648.3838638242987,1.2161882e-03,1023068,273.64347,17.95201,6.9926685e+02,4.6837025e+00,4.7270840e+02,2.0517976e+00,8.4769305e+02,6.2021074e+00,0,nan,nan,nan,nan,273.64347,4.1351439e-03,17.95201,4.3516010e-03,3.6529205e-03,-4.8070801e-03
0.24147701230003804,1.0077811420089362,0.007322077972609911,2648.3852527122162,1.2161878e-03,1023069,273.63848,17.94208,7.0366162e+02,4.6843128e+00,4.7042877e+02,2.0498462e+00,8.5374420e+02,6.2029157e+00,0,nan,nan,nan,nan,273.63848,4.1078022e-03,17.94208,4.3321489e-03,-7.2957936e-04,-9.6503028e-04
0.2428659001016058,0.995469157995434,0.007321221080569422,2648.386641600018,1.2161874e-03,1023070,273.63850,17.94746,6.9578918e+02,4.6838193e+00,4.7330231e+02,2.0540781e+00,8.4332397e+02,6.2022624e+00,0,nan,nan,nan,nan,273.63850,4.1617192e-03,17.94746,4.3731867e-03,2.4840317e-03,-6.2150685e-03
0.2442547880195889,1.000341079743862,0.0073115645627109815,2648.388030487936,1.2161870e-03,1023071,273.63860,17.94479,6.9856653e+02,4.6776967e+00,4.7039240e+02,2.0498559e+00,8.4746124e+02,6.1941552e+00,0,nan,nan,nan,nan,273.63860,4.1202526e-03,17.94479,4.3526273e-03,2.5748038e-03,-4.9685235e-03
0.2456436758207019,0.984577945625134,0.007302041364535565,2648.389419375737,1.2161866e-03,1023072,273.63587,17.95151,6.8898627e+02,4.6716595e+00,4.7178082e+02,2.0531681e+00,8.3411713e+02,6.1861610e+00,0,nan,nan,nan,nan,273.63587,4.1747615e-03,17.95151,4.3972940e-03,-1.2045382e-03,1.1177380e-04
0.24703256373823024,0.9899340694615266,0.007315525223952121,2648.3908082636544,1.2161862e-03,1023073,273.63848,17.95040,6.9258569e+02,4.6803427e+00,4.7139487e+02,2.0555248e+00,8.3866479e+02,6.1976585e+00,0,nan,nan,nan,nan,273.63848,4.1713319e-03,17.95040,4.3827510e-03,5.0702062e-03,-5.4138764e-03
0.2484214515388885,1.0093428372232824,0.007315501911817384,2648.392197151455,1.2161857e-03,1023074,273.64230,17.94520,7.0464722e+02,4.6803842e+00,4.6790738e+02,2.0473232e+00,8.5511798e+02,6.1977134e+00,0,nan,nan,nan,nan,273.64230,4.0990752e-03,17.94520,4.3184767e-03,7.2193476e-03,-8.4900577e-03
0.2498103394568716,0.9992076445239437,0.00731594304629831,2648.393586039373,1.2161854e-03,1023075,273.64206,17.94748,6.9823181e+02,4.6807227e+00,4.7330890e+02,2.0549181e+00,8.4654169e+02,6.1981621e+00,0,nan,nan,nan,nan,273.64206,4.1312939e-03,17.94748,4.3615052e-03,1.4821539e-03,6.2072868e-05
0.2511992272588941,1.0075723656147122,0.007341379700269232,2648.394974927175,1.2161849e-03,1023076,273.64266,17.94796,7.0338196e+02,4.6970544e+00,4.7306473e+02,2.0560331e+00,8.5363879e+02,6.2197881e+00,0,nan,nan,nan,nan,273.64266,4.1340375e-03,17.94796,4.3365709e-03,-1.4823859e-03,-3.3677972e-03
0.25258811517642243,1.007409693830547,0.0073205012895562,2648.3963638150926,1.2161846e-03,1023077,273.63874,17.95940,7.0344330e+02,4.6837535e+00,4.6747635e+02,2.0493987e+00,8.5351141e+02,6.2021751e+00,0,nan,nan,nan,nan,273.63874,4.1136444e-03,17.95940,4.3297671e-03,2.7764719e-03,-1.2453141e-04
0.25397700297844494,0.9955666366357433,0.007320564873904529,2648.3977527028946,1.2161841e-03,1023078,273.63841,17.95326,6.9591144e+02,4.6838517e+00,4.7402081e+02,2.0546036e+00,8.4348792e+02,6.2023053e+00,0,nan,nan,nan,nan,273.63841,4.1598896e-03,17.95326,4.3685376e-03,-1.0693902e-03,-3.7466562e-03
0.2553658908959733,1.0131386059033043,0.007326646620392961,2648.399141590812,1.2161838e-03,1023079,273.64026,17.94668,7.0697882e+02,4.6878014e+00,4.6484885e+02,2.0476384e+00,8.5838629e+02,6.2075348e+00,0,nan,nan,nan,nan,273.64026,4.0966128e-03,17.94668,4.3157157e-03,2.1280095e-04,-1.2487936e-03
0.2567547786970863,1.0056925601870996,0.007314076349331643,2648.4005304786133,1.2161833e-03,1023080,273.63532,17.95780,7.0225934e+02,4.6798162e+00,4.6906174e+02,2.0497968e+00,8.5208820e+02,6.1969614e+00,0,nan,nan,nan,nan,273.63532,4.1076876e-03,17.95780,4.3365196e-03,-4.8025781e-03,2.7869691e-03
0.2581436666141599,1.0088386666515887,0.007315471352866913,2648.4019193665304,1.2161830e-03,1023081,273.63347,17.94381,7.0494159e+02,4.6807675e+00,4.6767706e+02,2.0473349e+00,8.5476447e+02,6.1982207e+00,0,nan,nan,nan,nan,273.63347,4.0882542e-03,17.94381,4.3138601e-03,7.1697566e-04,-1.1642155e-02
0.2595325544152729,1.0058144975499772,0.0073230238661677535,2648.4033082543315,1.2161825e-03,1023082,273.65103,17.95371,7.0235321e+02,4.6856580e+00,4.6893408e+02,2.0513282e+00,8.5221283e+02,6.2046976e+00,0,nan,nan,nan,nan,273.65103,4.1289264e-03,17.95371,4.3287375e-03,6.4291726e-03,-3.2191919e-03
0.26092144221593117,0.9983416415141468,0.007312808721073699,2648.404697142132,1.2161820e-03,1023083,273.64313,17.94762,6.9801422e+02,4.6791816e+00,4.6970322e+02,2.0514615e+00,8.4589185e+02,6.1961207e+00,0,nan,nan,nan,nan,273.64313,4.1370764e-03,17.94762,4.3511102e-03,1.2293519e-03,-2.0647272e-04
0.2623103301334595,0.9981232414811898,0.007319262369918952,2648.4060860300497,1.2161817e-03,1023084,273.63674,17.94744,6.9745996e+02,4.6833701e+00,4.7151242e+02,2.0536406e+00,8.4571753e+02,6.2016678e+00,0,nan,nan,nan,nan,273.63674,4.1369246e-03,17.94744,4.3698316e-03,6.3491752e-03,-1.1909093e-02
0.263699217935482,1.00613001778238,0.00732650597782682,2648.4074749178517,1.2161812e-03,1023085,273.64077,17.95511,7.0288898e+02,4.6880651e+00,4.7275806e+02,2.0541832e+00,8.5251257e+02,6.2078843e+00,0,nan,nan,nan,nan,273.64077,4.1190274e-03,17.95511,4.3249517e-03,1.5982529e-03,1.2963142e-02
0.265088105736595,0.9994436450859869,0.007307892381711413,2648.408863805653,1.2161807e-03,1023086,273.64416,17.95922,6.9864996e+02,4.6762147e+00,4.6732840e+02,2.0498230e+00,8.4685797e+02,6.1921921e+00,0,nan,nan,nan,nan,273.64416,4.1392776e-03,17.95922,4.3420340e-03,-1.8034235e-03,-7.1929167e-03
0.26647699365412336,1.000111554941267,0.007323810487946073,2648.4102526935703,1.2161804e-03,1023087,273.63962,17.95347,6.9897693e+02,4.6864605e+00,4.7378638e+02,2.0557928e+00,8.4743481e+02,6.2057600e+00,0,nan,nan,nan,nan,273.63962,4.1402676e-03,17.95347,4.3502687e-03,6.2157406e-04,4.2857529e-05
0.2678658814552364,0.9967017950357264,0.007318923791348914,2648.4116415813714,1.2161799e-03,1023088,273.63700,17.94314,6.9730963e+02,4.6833944e+00,4.7452948e+02,2.0532598e+00,8.4455658e+02,6.2016997e+00,0,nan,nan,nan,nan,273.63700,4.1488889e-03,17.94314,4.3639345e-03,-3.3708091e-03,-1.1699842e-02
0.2692547692563494,1.001466898744136,0.007317176199453352,2648.4130304691726,1.2161795e-03,1023089,273.65058,17.94908,6.9964154e+02,4.6823368e+00,4.7110556e+02,2.0525465e+00,8.4860529e+02,6.2002993e+00,0,nan,nan,nan,nan,273.65058,4.1339262e-03,17.94908,4.3528723e-03,5.1997886e-03,4.9913032e-03
0.270643657173423,0.9964984743244707,0.007320957866886398,2648.4144193570896,1.2161791e-03,1023090,273.64098,17.94741,6.9696167e+02,4.6848183e+00,4.7614661e+02,2.0556786e+00,8.4440631e+02,6.2035851e+00,0,nan,nan,nan,nan,273.64098,4.1426229e-03,17.94741,4.3691080e-03,1.4743460e-03,-7.2389161e-03
0.272032544974536,1.0012967364791525,0.007305100971132422,2648.4158082448907,1.2161786e-03,1023091,273.64442,17.95358,6.9977673e+02,4.6747327e+00,4.6758490e+02,2.0492089e+00,8.4848340e+02,6.1902299e+00,0,nan,nan,nan,nan,273.64442,4.1184258e-03,17.95358,4.3337252e-03,1.7974590e-03,-1.3169822e-03
0.27342143277610376,0.9963914442256616,0.007310136165029408,2648.4171971326923,1.2161782e-03,1023092,273.63514,17.95621,6.9677136e+02,4.6780167e+00,4.7184515e+02,2.0563011e+00,8.4433789e+02,6.1945782e+00,0,nan,nan,nan,nan,273.63514,4.1325269e-03,17.95621,4.3620542e-03,8.5810409e-04,-4.8513277e-04
0.2748103205776715,0.9987582808546234,0.007321548439719924,2648.418586020494,1.2161777e-03,1023093,273.63700,17.95054,6.9832849e+02,4.6853819e+00,4.7144049e+02,2.0580828e+00,8.4635474e+02,6.2043314e+00,0,nan,nan,nan,nan,273.63700,4.1330438e-03,17.95054,4.3618521e-03,1.1754730e-03,-6.0591646e-03
0.27619920849519985,0.9907639102670573,0.007302785502499391,2648.4199749084114,1.2161774e-03,1023094,273.63848,17.95153,6.9220178e+02,4.6734371e+00,4.7045850e+02,2.0493643e+00,8.3959149e+02,6.1885142e+00,0,nan,nan,nan,nan,273.63848,4.1773254e-03,17.95153,4.3925908e-03,7.5061456e-03,1.7427560e-03
0.2775880962958581,1.0001795229512422,0.007313447978462323,2648.421363796212,1.2161769e-03,1023095,273.63236,17.94901,6.9870245e+02,4.6803231e+00,4.7028088e+02,2.0524912e+00,8.4758185e+02,6.1976328e+00,0,nan,nan,nan,nan,273.63236,4.1328701e-03,17.94901,4.3584746e-03,1.5232619e-03,-4.3494701e-03
0.27897698409697114,0.9973405438733404,0.007318965207964531,2648.422752684013,1.2161764e-03,1023096,273.63953,17.94470,6.9744489e+02,4.6839170e+00,4.7383426e+02,2.0554161e+00,8.4518738e+02,6.2023921e+00,0,nan,nan,nan,nan,273.63953,4.1452376e-03,17.94470,4.3625641e-03,1.6853744e-03,-7.6443516e-03
0.28036587189808415,1.0053548625367454,0.007316516046004044,2648.4241415718143,1.2161760e-03,1023097,273.63254,17.95641,7.0249884e+02,4.6824136e+00,4.7002994e+02,2.0507700e+00,8.5199060e+02,6.2004004e+00,0,nan,nan,nan,nan,273.63254,4.1053854e-03,17.95641,4.3370673e-03,-7.7055127e-04,3.6859617e-03
0.28175475969919717,0.9951682537466838,0.007316104755352318,2648.4255304596154,1.2161755e-03,1023098,273.63681,17.95035,6.9586267e+02,4.6822133e+00,4.7153818e+02,2.0575411e+00,8.4336938e+02,6.2001362e+00,0,nan,nan,nan,nan,273.63681,4.1643954e-03,17.95035,4.3668645e-03,6.8262671e-03,-7.6366025e-03
0.2831436476167255,1.0019056956967543,0.007320923331961711,2648.426919347533,1.2161752e-03,1023099,273.63601,17.95347,7.0003247e+02,4.6853614e+00,4.6901941e+02,2.0535579e+00,8.4909070e+02,6.2043047e+00,0,nan,nan,nan,nan,273.63601,4.1225380e-03,17.95347,4.3540164e-03,1.6358804e-03,-1.1582528e-03
0.284532535418748,0.9853080030787315,0.007306402054475024,2648.428308235335,1.2161747e-03,1023100,273.63613,17.95575,6.8937695e+02,4.6761322e+00,4.7368411e+02,2.0560119e+00,8.3503607e+02,6.1920834e+00,0,nan,nan,nan,nan,273.63613,4.1738562e-03,17.95575,4.4127968e-03,2.9602412e-03,-5.9703724e-03
0.285921423219861,1.0043659909683016,0.007321030585415796,2648.429697123136,1.2161742e-03,1023101,273.63377,17.95210,7.0201117e+02,4.6855593e+00,4.7230649e+02,2.0506821e+00,8.5119922e+02,6.2045665e+00,0,nan,nan,nan,nan,273.63377,4.1048457e-03,17.95210,4.3432591e-03,-2.8204962e-04,-5.8726459e-03
0.28731031102097404,0.9986121406716403,0.007302290031988676,2648.431086010937,1.2161738e-03,1023102,273.64457,17.95627,6.9679932e+02,4.6736298e+00,4.6934024e+02,2.0525990e+00,8.4633459e+02,6.1887698e+00,0,nan,nan,nan,nan,273.64457,4.1354755e-03,17.95627,4.3527004e-03,4.3937219e-03,-2.0175883e-04
0.2886991988216323,0.9959421725532229,0.007305075901317472,2648.432474898738,1.2161733e-03,1023103,273.64040,17.95192,6.9690936e+02,4.6754780e+00,4.6968518e+02,2.0520797e+00,8.4408350e+02,6.1912169e+00,0,nan,nan,nan,nan,273.64040,4.1311136e-03,17.95192,4.3574395e-03,-1.1273719e-03,-4.8565285e-04
0.2900880866227453,0.9960408905347525,0.007310069133580007,2648.433863786539,1.2161728e-03,1023104,273.64159,17.94603,6.9638062e+02,4.6787395e+00,4.7230014e+02,2.0552356e+00,8.4417902e+02,6.1955357e+00,0,nan,nan,nan,nan,273.64159,4.1467356e-03,17.94603,4.3643401e-03,2.0344064e-03,-3.8741713e-03
0.2914769744234036,1.0035652903880246,0.00732357277910538,2648.4352526743396,1.2161724e-03,1023105,273.63545,17.95768,7.0075781e+02,4.6874485e+00,4.7123334e+02,2.0562630e+00,8.5056812e+02,6.2070680e+00,0,nan,nan,nan,nan,273.63545,4.1118353e-03,17.95768,4.3511563e-03,4.1645318e-03,-2.5393295e-03
0.2928658622254261,1.0089145475912973,0.007323261780169602,2648.4366415621416,1.2161719e-03,1023106,273.64444,17.94660,7.0499603e+02,4.6873155e+00,4.6990063e+02,2.0517831e+00,8.5511395e+02,6.2068920e+00,0,nan,nan,nan,nan,273.64444,4.1174232e-03,17.94660,4.3200636e-03,2.5260954e-03,-6.9095111e-03
0.29425475002699386,0.9949526812681064,0.0072997648470774406,2648.438030449943,1.2161714e-03,1023107,273.63054,17.95905,6.9573657e+02,4.6723423e+00,4.6670044e+02,2.0489550e+00,8.4329248e+02,6.1870646e+00,0,nan,nan,nan,nan,273.63054,4.1365498e-03,17.95905,4.3675671e-03,-2.5339102e-04,-2.7790528e-03
