time,flux,flux_err,time_original,timecorr,cadenceno,centroid_col,centroid_row,sap_flux,sap_flux_err,sap_bkg,sap_bkg_err,pdcsap_flux,pdcsap_flux_err,quality,psf_centr1,psf_centr1_err,psf_centr2,psf_centr2_err,mom_centr1,mom_centr1_err,mom_centr2,mom_centr2_err,pos_corr1,pos_corr2
-0.1658180191889187,0.9972733482213847,0.0058763646886050465,2445.1731639808995,1.5261752e-03,876756,309.14465,1513.11866,9.9544617e+02,5.3441019e+00,6.3680981e+02,2.2788448e+00,1.1841305e+03,6.9774075e+00,0,nan,nan,nan,nan,309.14465,3.5981108e-03,1513.11866,3.6282074e-03,2.8798277e-03,-3.4956958e-02
-0.16442911072317656,0.9969939380530685,0.005898393114476092,2445.1745528893653,1.5261954e-03,876757,309.14484,1513.11443,9.9429901e+02,5.3600845e+00,6.3974561e+02,2.2880232e+00,1.1829048e+03,6.9982748e+00,0,nan,nan,nan,nan,309.14484,3.6031425e-03,1513.11443,3.6426201e-03,1.5321589e-03,-3.8429104e-02
-0.16304020214147386,0.9962072190443939,0.005896979559088249,2445.175941797947,1.5262158e-03,876758,309.14650,1513.11103,9.9318945e+02,5.3552980e+00,6.3212897e+02,2.2757876e+00,1.1811990e+03,6.9920259e+00,0,nan,nan,nan,nan,309.14650,3.6024742e-03,1513.11103,3.6481014e-03,2.4467127e-03,-3.7794847e-02
-0.16165129355977115,1.0015875095344628,0.005906383359069097,2445.1773307065287,1.5262362e-03,876759,309.14304,1513.11327,9.9752454e+02,5.3608370e+00,6.3431201e+02,2.2761424e+00,1.1869139e+03,6.9992580e+00,0,nan,nan,nan,nan,309.14304,3.5895957e-03,1513.11327,3.6388580e-03,7.8286715e-03,-3.4484174e-02
-0.16026238509311952,1.006246164107707,0.005898828555066102,2445.1787196149953,1.5262564e-03,876760,309.14425,1513.11455,1.0014177e+03,5.3514490e+00,6.3145367e+02,2.2725344e+00,1.1918708e+03,6.9870000e+00,0,nan,nan,nan,nan,309.14425,3.5699394e-03,1513.11455,3.6163521e-03,4.3276134e-03,-3.5323985e-02
-0.15887347651096206,1.0001517203473622,0.005900385922870598,2445.1801085235775,1.5262768e-03,876761,309.14720,1513.11284,9.9529657e+02,5.3507576e+00,6.3194861e+02,2.2730448e+00,1.1841865e+03,6.9860978e+00,0,nan,nan,nan,nan,309.14720,3.5979825e-03,1513.11284,3.6379956e-03,2.7676730e-03,-3.3770826e-02
-0.1574845679288046,0.9959666742369302,0.005895198373568206,2445.1814974321596,1.5262972e-03,876762,309.14930,1513.11079,9.9142712e+02,5.3443422e+00,6.3790643e+02,2.2759180e+00,1.1788540e+03,6.9777217e+00,0,nan,nan,nan,nan,309.14930,3.6065923e-03,1513.11079,3.6512425e-03,7.8209275e-03,-3.7004337e-02
-0.15609565946351722,1.0098643244900227,0.0059033677289622236,2445.182886340625,1.5263174e-03,876763,309.14736,1513.11586,1.0035867e+03,5.3503923e+00,6.3381732e+02,2.2777426e+00,1.1950007e+03,6.9856205e+00,0,nan,nan,nan,nan,309.14736,3.5677508e-03,1513.11586,3.6024230e-03,6.1825239e-03,-3.1990536e-02
-0.15470675088135977,1.0018032506322407,0.005899965447326247,2445.184275249207,1.5263378e-03,876764,309.14544,1513.11972,9.9620178e+02,5.3462777e+00,6.3644043e+02,2.2736423e+00,1.1852334e+03,6.9802485e+00,0,nan,nan,nan,nan,309.14544,3.5906492e-03,1513.11972,3.6331257e-03,4.7135749e-03,-3.5933264e-02
-0.15331784229874756,0.9937883908345604,0.005891103935553275,2445.1856641577897,1.5263582e-03,876765,309.15083,1513.11087,9.8888300e+02,5.3375111e+00,6.3349298e+02,2.2752111e+00,1.1755886e+03,6.9688025e+00,0,nan,nan,nan,nan,309.15083,3.6105125e-03,1513.11087,3.6460827e-03,3.4462775e-03,-3.3327222e-02
-0.1519289337165901,1.0155572624460683,0.0059088020043026705,2445.187053066372,1.5263786e-03,876766,309.15063,1513.11445,1.0084400e+03,5.3530717e+00,6.3253131e+02,2.2724483e+00,1.2012334e+03,6.9891186e+00,0,nan,nan,nan,nan,309.15063,3.5562078e-03,1513.11445,3.5973014e-03,1.0768251e-02,-3.2915961e-02
-0.15054002525175747,0.9926317661473009,0.005895681524216186,2445.1884419748367,1.5263988e-03,876767,309.14189,1513.11855,9.8777039e+02,5.3409472e+00,6.3529279e+02,2.2757704e+00,1.1740641e+03,6.9732885e+00,0,nan,nan,nan,nan,309.14189,3.6282046e-03,1513.11855,3.6510001e-03,5.7019857e-03,-3.4651801e-02
-0.14915111666960001,1.0011927400570062,0.00590780850628373,2445.189830883419,1.5264192e-03,876768,309.15142,1513.11158,9.9521149e+02,5.3519049e+00,6.3529333e+02,2.2757185e+00,1.1841836e+03,6.9875956e+00,0,nan,nan,nan,nan,309.15142,3.6101849e-03,1513.11158,3.6409530e-03,4.3044649e-03,-3.2243732e-02
-0.14776220808653306,0.9989519349949152,0.0059026152418944,2445.191219792002,1.5264396e-03,876769,309.15043,1513.11398,9.9366144e+02,5.3473568e+00,6.3568359e+02,2.2783248e+00,1.1815679e+03,6.9816575e+00,0,nan,nan,nan,nan,309.15043,3.6043734e-03,1513.11398,3.6423379e-03,7.4606198e-03,-3.7354644e-02
-0.14637329962124568,0.996496975816294,0.0058936844958069395,2445.192608700467,1.5264598e-03,876770,309.14573,1513.11725,9.9116089e+02,5.3395848e+00,6.3667334e+02,2.2786031e+00,1.1787343e+03,6.9715095e+00,0,nan,nan,nan,nan,309.14573,3.6013089e-03,1513.11725,3.6429805e-03,4.1368175e-03,-3.0574420e-02
-0.14498439103999772,1.0049116537404137,0.005911635376122542,2445.1939976090484,1.5264802e-03,876771,309.14870,1513.11214,9.9929907e+02,5.3563066e+00,6.3385645e+02,2.2760367e+00,1.1887897e+03,6.9933419e+00,0,nan,nan,nan,nan,309.14870,3.5875887e-03,1513.11214,3.6257200e-03,2.7153473e-03,-4.1218944e-02
-0.14359548245784026,0.9983539398790842,0.005892585701262833,2445.1953865176306,1.5265006e-03,876772,309.14380,1513.11386,9.9283868e+02,5.3396220e+00,6.3616992e+02,2.2755401e+00,1.1811593e+03,6.9715586e+00,0,nan,nan,nan,nan,309.14380,3.5960798e-03,1513.11386,3.6361830e-03,5.8182264e-03,-2.5838472e-02
-0.14220657399164338,0.9970266210860427,0.005893827256628701,2445.196775426097,1.5265208e-03,876773,309.14742,1513.11498,9.9204486e+02,5.3414221e+00,6.3462762e+02,2.2733440e+00,1.1797382e+03,6.9739089e+00,0,nan,nan,nan,nan,309.14742,3.6067860e-03,1513.11498,3.6429137e-03,8.4889149e-03,-3.7508551e-02
-0.14081766540948593,0.993769437157668,0.005888583132578498,2445.198164334679,1.5265412e-03,876774,309.14106,1513.11563,9.8916412e+02,5.3374257e+00,6.3524261e+02,2.2730436e+00,1.1760507e+03,6.9686909e+00,0,nan,nan,nan,nan,309.14106,3.6080545e-03,1513.11563,3.6467428e-03,2.8845251e-03,-3.2379895e-02
-0.13942875682823797,1.0022530109942531,0.005899255539835257,2445.19955324326,1.5265616e-03,876775,309.15015,1513.11056,9.9716418e+02,5.3479209e+00,6.3711914e+02,2.2751403e+00,1.1862726e+03,6.9823937e+00,0,nan,nan,nan,nan,309.15015,3.5850324e-03,1513.11056,3.6298754e-03,3.0473680e-03,-3.7385326e-02
-0.13803984836249583,0.9968046918673071,0.005887454817841441,2445.200942151726,1.5265818e-03,876776,309.14970,1513.11319,9.9235547e+02,5.3380919e+00,6.3175806e+02,2.2752085e+00,1.1800160e+03,6.9695611e+00,0,nan,nan,nan,nan,309.14970,3.6055271e-03,1513.11319,3.6361823e-03,6.2802420e-03,-3.4218837e-02
-0.13665093977942888,1.0018034838112635,0.005899289427042772,2445.202331060309,1.5266022e-03,876777,309.14816,1513.11129,9.9706952e+02,5.3497272e+00,6.3615668e+02,2.2757931e+00,1.1861342e+03,6.9847517e+00,0,nan,nan,nan,nan,309.14816,3.5932353e-03,1513.11129,3.6245801e-03,2.7533669e-03,-3.8584489e-02
-0.13526203119772617,0.9978354117499824,0.0058981862674005485,2445.2037199688907,1.5266226e-03,876778,309.14775,1513.11406,9.9357941e+02,5.3496513e+00,6.3519934e+02,2.2768023e+00,1.1816403e+03,6.9846530e+00,0,nan,nan,nan,nan,309.14775,3.6164303e-03,1513.11406,3.6384808e-03,5.0046050e-04,-3.3953305e-02
-0.13387312273289353,0.992561706207181,0.005889408187623888,2445.2051088773555,1.5266428e-03,876779,309.14139,1513.11778,9.8909210e+02,5.3426213e+00,6.3825116e+02,2.2785916e+00,1.1756001e+03,6.9754744e+00,0,nan,nan,nan,nan,309.14139,3.6149130e-03,1513.11778,3.6495565e-03,4.1924971e-03,-3.5165828e-02
-0.13248421415073608,1.0017743749783181,0.005888110001725612,2445.2064977859377,1.5266632e-03,876780,309.14564,1513.10718,9.9760406e+02,5.3423715e+00,6.3294763e+02,2.2724307e+00,1.1867178e+03,6.9751482e+00,0,nan,nan,nan,nan,309.14564,3.5834534e-03,1513.10718,3.6204383e-03,5.9387498e-03,-4.2795677e-02
-0.13109530556812388,1.0107960573818444,0.00590006387788105,2445.2078866945203,1.5266836e-03,876781,309.14924,1513.12467,1.0056952e+03,5.3541327e+00,6.3262683e+02,2.2734532e+00,1.1976097e+03,6.9905038e+00,0,nan,nan,nan,nan,309.14924,3.5665876e-03,1513.12467,3.6046102e-03,3.9707664e-03,-3.2532923e-02
-0.12970639698596642,0.9977565250937289,0.005888853437953848,2445.2092756031025,1.5267039e-03,876782,309.14871,1513.11176,9.9405426e+02,5.3448496e+00,6.3687543e+02,2.2778120e+00,1.1823572e+03,6.9783835e+00,0,nan,nan,nan,nan,309.14871,3.6005760e-03,1513.11176,3.6354652e-03,6.3903541e-03,-3.3621397e-02
-0.12831748852113378,0.9954309541056857,0.005879648300636592,2445.2106645115673,1.5267242e-03,876783,309.14905,1513.11584,9.9225012e+02,5.3373504e+00,6.3297461e+02,2.2759268e+00,1.1797905e+03,6.9685926e+00,0,nan,nan,nan,nan,309.14905,3.6030025e-03,1513.11584,3.6392885e-03,6.4943926e-03,-3.5885502e-02
-0.12692857993897633,1.0062456375678905,0.005899633062931281,2445.2120534201495,1.5267446e-03,876784,309.14682,1513.10933,1.0023779e+03,5.3563104e+00,6.3146326e+02,2.2735927e+00,1.1927903e+03,6.9933476e+00,0,nan,nan,nan,nan,309.14682,3.5866976e-03,1513.10933,3.6208469e-03,1.7561114e-03,-4.2620018e-02
-0.12553967135590938,0.994397842135308,0.005881369910712118,2445.2134423287325,1.5267649e-03,876785,309.15133,1513.11598,9.9127643e+02,5.3404975e+00,6.3422797e+02,2.2749286e+00,1.1789156e+03,6.9727015e+00,0,nan,nan,nan,nan,309.15133,3.6024840e-03,1513.11598,3.6404312e-03,6.4275828e-03,-3.2171432e-02
-0.12415076289062199,1.0035229121198532,0.0058910122789740445,2445.214831237198,1.5267852e-03,876786,309.14436,1513.11477,9.9991425e+02,5.3499680e+00,6.3277570e+02,2.2747920e+00,1.1898929e+03,6.9850664e+00,0,nan,nan,nan,nan,309.14436,3.5812117e-03,1513.11477,3.6245154e-03,2.7925400e-03,-3.7177116e-02
-0.12276185430846454,0.9929403987137327,0.005872328714637995,2445.21622014578,1.5268056e-03,876787,309.15055,1513.10906,9.9068872e+02,5.3336539e+00,6.3150104e+02,2.2712016e+00,1.1774894e+03,6.9637666e+00,0,nan,nan,nan,nan,309.15055,3.6032670e-03,1513.10906,3.6434967e-03,7.5155594e-03,-3.9457262e-02
-0.12137294572630708,1.0041568746888891,0.005885218918324796,2445.217609054362,1.5268259e-03,876788,309.14232,1513.11687,1.0006132e+03,5.3459516e+00,6.3293408e+02,2.2718394e+00,1.1909220e+03,6.9798226e+00,0,nan,nan,nan,nan,309.14232,3.5841470e-03,1513.11687,3.6146354e-03,-5.0675881e-05,-3.1859271e-02
-0.1199840372610197,0.9958991010960175,0.005877781589025122,2445.2189979628274,1.5268462e-03,876789,309.14339,1513.11370,9.9343732e+02,5.3397164e+00,6.3506299e+02,2.2736204e+00,1.1812435e+03,6.9716816e+00,0,nan,nan,nan,nan,309.14339,3.6003273e-03,1513.11370,3.6337352e-03,3.7766707e-03,-3.8800940e-02
-0.11859512867886224,0.9966695636804638,0.005879702047459735,2445.2203868714096,1.5268666e-03,876790,309.15017,1513.11120,9.9380396e+02,5.3419089e+00,6.3507300e+02,2.2731819e+00,1.1822566e+03,6.9745445e+00,0,nan,nan,nan,nan,309.15017,3.6008139e-03,1513.11120,3.6359834e-03,6.7676124e-03,-3.2847334e-02
-0.11720622009670478,0.9997060566416085,0.005879407501019194,2445.2217757799917,1.5268869e-03,876791,309.14263,1513.11559,9.9694189e+02,5.3420138e+00,6.3458588e+02,2.2739358e+00,1.1859412e+03,6.9746814e+00,0,nan,nan,nan,nan,309.14263,3.5863114e-03,1513.11559,3.6159824e-03,1.9117598e-03,-3.8494043e-02
-0.11581731163096265,1.003359490070885,0.0058853046177673694,2445.2231646884575,1.5269072e-03,876792,309.14702,1513.11162,1.0002199e+03,5.3476672e+00,6.3712494e+02,2.2757523e+00,1.1903407e+03,6.9820623e+00,0,nan,nan,nan,nan,309.14702,3.5792189e-03,1513.11162,3.6198481e-03,6.0336529e-03,-3.5913672e-02
-0.1144284030488052,1.0011170600005588,0.005893757637640959,2445.2245535970396,1.5269276e-03,876793,309.13726,1513.11126,9.9803717e+02,5.3555632e+00,6.3351343e+02,2.2780502e+00,1.1877281e+03,6.9923716e+00,0,nan,nan,nan,nan,309.13726,3.5891058e-03,1513.11126,3.6320796e-03,5.9723402e-03,-3.3020936e-02
-0.11303949446710249,1.007044896948744,0.005885103976676894,2445.2259425056213,1.5269479e-03,876794,309.14490,1513.11749,1.0035833e+03,5.3478322e+00,6.3096741e+02,2.2742097e+00,1.1947908e+03,6.9822779e+00,0,nan,nan,nan,nan,309.14490,3.5683103e-03,1513.11749,3.6024929e-03,2.0857961e-03,-3.5785671e-02
-0.11165058600136035,1.0085987561118106,0.005880757596768288,2445.227331414087,1.5269682e-03,876795,309.14526,1513.10751,1.0053218e+03,5.3439336e+00,6.3163013e+02,2.2678182e+00,1.1966458e+03,6.9771881e+00,0,nan,nan,nan,nan,309.14526,3.5638108e-03,1513.10751,3.5926111e-03,2.1611794e-03,-4.2824317e-02
-0.1102616774192029,1.0007872863022387,0.005873350036197944,2445.2287203226692,1.5269886e-03,876796,309.14295,1513.11086,9.9791748e+02,5.3371701e+00,6.3064929e+02,2.2697637e+00,1.1873707e+03,6.9683576e+00,0,nan,nan,nan,nan,309.14295,3.5797555e-03,1513.11086,3.6177302e-03,4.0013967e-03,-3.3315495e-02
-0.10887276883750019,1.0022635308955383,0.0058971820810573075,2445.230109231251,1.5270089e-03,876797,309.14969,1513.11841,9.9921014e+02,5.3587112e+00,6.3523413e+02,2.2824454e+00,1.1890966e+03,6.9964824e+00,0,nan,nan,nan,nan,309.14969,3.5769904e-03,1513.11841,3.6183591e-03,4.9819648e-03,-3.3684976e-02
-0.10748386037175806,0.9950286690333671,0.005883018098551528,2445.2314981397167,1.5270292e-03,876798,309.14032,1513.11435,9.9280029e+02,5.3456430e+00,6.3617963e+02,2.2783670e+00,1.1804694e+03,6.9794197e+00,0,nan,nan,nan,nan,309.14032,3.6046410e-03,1513.11435,3.6388682e-03,1.5084265e-03,-3.8642980e-02
-0.1060949517896006,0.9966746964508749,0.005892302826848808,2445.232887048299,1.5270496e-03,876799,309.13982,1513.11605,9.9412238e+02,5.3537993e+00,6.3414111e+02,2.2782662e+00,1.1823604e+03,6.9900694e+00,0,nan,nan,nan,nan,309.13982,3.5967657e-03,1513.11605,3.6386768e-03,5.9475005e-03,-3.5907410e-02
-0.10470604320744314,0.9950033535941093,0.005881564718568016,2445.234275956881,1.5270700e-03,876800,309.14124,1513.11594,9.9272931e+02,5.3436828e+00,6.3669946e+02,2.2798581e+00,1.1802981e+03,6.9768605e+00,0,nan,nan,nan,nan,309.14124,3.6001066e-03,1513.11594,3.6354004e-03,2.7565227e-03,-3.7463471e-02
-0.10331713474170101,1.0005701534505909,0.005885231802138495,2445.2356648653467,1.5270902e-03,876801,309.14535,1513.11474,9.9754919e+02,5.3465748e+00,6.3447937e+02,2.2758658e+00,1.1868040e+03,6.9806366e+00,0,nan,nan,nan,nan,309.14535,3.5896532e-03,1513.11474,3.6236984e-03,8.9323306e-03,-3.8124286e-02
-0.10192822615954356,0.9935551449861109,0.005873749701982974,2445.237053773929,1.5271106e-03,876802,309.14013,1513.12298,9.9097467e+02,5.3356271e+00,6.3515918e+02,2.2736998e+00,1.1783693e+03,6.9663429e+00,0,nan,nan,nan,nan,309.14013,3.6064298e-03,1513.12298,3.6362351e-03,3.6450019e-03,-3.2040946e-02
-0.1005393175773861,0.9985403226383589,0.005883455474265086,2445.238442682511,1.5271310e-03,876803,309.14698,1513.10957,9.9581165e+02,5.3438506e+00,6.3518750e+02,2.2738764e+00,1.1841504e+03,6.9770799e+00,0,nan,nan,nan,nan,309.14698,3.5919980e-03,1513.10957,3.6278728e-03,2.1604507e-03,-3.6014676e-02
-0.09915040911209871,1.0002827608017166,0.005894610029945603,2445.2398315909763,1.5271512e-03,876804,309.14425,1513.10861,9.9701691e+02,5.3533154e+00,6.3478278e+02,2.2782519e+00,1.1860687e+03,6.9894366e+00,0,nan,nan,nan,nan,309.14425,3.6124371e-03,1513.10861,3.6258933e-03,5.8736815e-03,-3.5140589e-02
-0.097761500530396,1.0041009797411764,0.005895432501851726,2445.241220499558,1.5271716e-03,876805,309.14374,1513.11901,1.0001595e+03,5.3533235e+00,6.3655658e+02,2.2755158e+00,1.1904320e+03,6.9894476e+00,0,nan,nan,nan,nan,309.14374,3.5780519e-03,1513.11901,3.6205333e-03,3.6576416e-03,-3.4014687e-02
-0.09637259194732906,1.0093393877517702,0.005897458823729027,2445.242609408141,1.5271920e-03,876806,309.14764,1513.11433,1.0048954e+03,5.3543563e+00,6.3506207e+02,2.2781150e+00,1.1964620e+03,6.9907961e+00,0,nan,nan,nan,nan,309.14764,3.5678446e-03,1513.11433,3.5975836e-03,7.5761559e-03,-3.5455786e-02
-0.0949836833651716,0.9919497336593671,0.005882161417176351,2445.2439983167233,1.5272123e-03,876807,309.14958,1513.11165,9.8882642e+02,5.3395977e+00,6.3664789e+02,2.2755592e+00,1.1756570e+03,6.9715271e+00,0,nan,nan,nan,nan,309.14958,3.6141176e-03,1513.11165,3.6475491e-03,2.4927482e-03,-3.2973498e-02
-0.09359477489942947,1.003929783679653,0.005891536544143562,2445.245387225189,1.5272326e-03,876808,309.14702,1513.11349,9.9968591e+02,5.3471746e+00,6.3457526e+02,2.2766759e+00,1.1896481e+03,6.9814196e+00,0,nan,nan,nan,nan,309.14702,3.5799791e-03,1513.11349,3.6180299e-03,5.5961520e-03,-3.8678780e-02
-0.09220586631772676,0.9950824291559978,0.005881732081257304,2445.2467761337707,1.5272530e-03,876809,309.14655,1513.12249,9.9140918e+02,5.3372850e+00,6.3540594e+02,2.2736058e+00,1.1789452e+03,6.9685073e+00,0,nan,nan,nan,nan,309.14655,3.5978970e-03,1513.12249,3.6371490e-03,6.8885460e-03,-2.8348293e-02
-0.0908169577355693,1.0011577871488342,0.005889771262849749,2445.248165042353,1.5272733e-03,876810,309.14807,1513.10824,9.9685168e+02,5.3435326e+00,6.3403937e+02,2.2774777e+00,1.1859106e+03,6.9766645e+00,0,nan,nan,nan,nan,309.14807,3.5859607e-03,1513.10824,3.6203919e-03,8.7714484e-03,-3.7179001e-02
-0.08942804926982717,1.0011216185248306,0.005909945979547648,2445.2495539508186,1.5272936e-03,876811,309.14457,1513.11667,9.9659631e+02,5.3607335e+00,6.3724365e+02,2.2806997e+00,1.1856237e+03,6.9991226e+00,0,nan,nan,nan,nan,309.14457,3.6094242e-03,1513.11667,3.6414377e-03,5.1923329e-03,-3.2788109e-02
-0.08803914068812446,1.0034086615689553,0.00589273152030446,2445.2509428594003,1.5273140e-03,876812,309.15632,1513.11800,9.9825378e+02,5.3439703e+00,6.3442578e+02,2.2761762e+00,1.1880770e+03,6.9772363e+00,0,nan,nan,nan,nan,309.15632,3.5843288e-03,1513.11800,3.6221014e-03,8.6213611e-03,-3.5057120e-02
-0.086650232105967,1.0000578229345651,0.005891557472377837,2445.2523317679825,1.5273343e-03,876813,309.14654,1513.11305,9.9531604e+02,5.3417139e+00,6.3637073e+02,2.2750909e+00,1.1838455e+03,6.9742894e+00,0,nan,nan,nan,nan,309.14654,3.5978500e-03,1513.11305,3.6249848e-03,2.6021146e-03,-3.1923976e-02
-0.08526132364022487,1.0011601468551252,0.005895938041512321,2445.253720676448,1.5273546e-03,876814,309.14563,1513.11416,9.9593518e+02,5.3444524e+00,6.3650220e+02,2.2758467e+00,1.1848768e+03,6.9778647e+00,0,nan,nan,nan,nan,309.14563,3.5921074e-03,1513.11416,3.6227209e-03,8.5758446e-03,-3.1963371e-02
-0.08387241505806742,0.9974304943718114,0.005896241230520169,2445.2551095850304,1.5273750e-03,876815,309.14391,1513.10822,9.9262000e+02,5.3434563e+00,6.3196881e+02,2.2739174e+00,1.1801821e+03,6.9765649e+00,0,nan,nan,nan,nan,309.14391,3.5974320e-03,1513.10822,3.6401981e-03,3.0651635e-03,-3.6430296e-02
-0.08248350647590996,1.0032720226268983,0.0058958224105048924,2445.2564984936125,1.5273953e-03,876816,309.14632,1513.10942,9.9740601e+02,5.3417740e+00,6.3369885e+02,2.2734983e+00,1.1868044e+03,6.9743681e+00,0,nan,nan,nan,nan,309.14632,3.5863835e-03,1513.10942,3.6198127e-03,6.9368415e-04,-3.7134785e-02
-0.08109459801062258,1.00190714117794,0.005894300678299948,2445.257887402078,1.5274156e-03,876817,309.14863,1513.11196,9.9594873e+02,5.3390636e+00,6.3536652e+02,2.2752903e+00,1.1848945e+03,6.9708300e+00,0,nan,nan,nan,nan,309.14863,3.5838406e-03,1513.11196,3.6255436e-03,1.1050119e-02,-3.4168605e-02
-0.07970568942846512,0.9942944333107393,0.005899150577268155,2445.25927631066,1.5274360e-03,876818,309.14972,1513.12157,9.8875146e+02,5.3421001e+00,6.3687921e+02,2.2747633e+00,1.1755928e+03,6.9747944e+00,0,nan,nan,nan,nan,309.14972,3.6210509e-03,1513.12157,3.6521186e-03,2.6433507e-03,-3.3013716e-02
-0.07831678084630767,0.9936596625398884,0.005892689474498297,2445.260665219242,1.5274563e-03,876819,309.14563,1513.11022,9.8828174e+02,5.3348732e+00,6.3478406e+02,2.2761090e+00,1.1745394e+03,6.9653583e+00,0,nan,nan,nan,nan,309.14563,3.6152895e-03,1513.11022,3.6471870e-03,3.4476330e-03,-4.0881116e-02
-0.07692787238102028,1.002347721278663,0.005908928677672834,2445.2620541277074,1.5274766e-03,876820,309.14827,1513.11933,9.9552814e+02,5.3481789e+00,6.3690253e+02,2.2762532e+00,1.1844996e+03,6.9827309e+00,0,nan,nan,nan,nan,309.14827,3.6043581e-03,1513.11933,3.6338596e-03,4.8800344e-03,-3.2674555e-02
-0.07553896379886282,0.9995429351624251,0.005902975383184279,2445.2634430362896,1.5274970e-03,876821,309.14860,1513.11318,9.9297375e+02,5.3413830e+00,6.3503253e+02,2.2732532e+00,1.1808740e+03,6.9738579e+00,0,nan,nan,nan,nan,309.14860,3.5983918e-03,1513.11318,3.6391225e-03,8.8008549e-03,-3.7172046e-02
-0.07415005521670537,0.9977675899312478,0.005913938081670224,2445.2648319448717,1.5275173e-03,876822,309.14436,1513.11378,9.9118628e+02,5.3498836e+00,6.3761731e+02,2.2771144e+00,1.1784641e+03,6.9849567e+00,0,nan,nan,nan,nan,309.14436,3.6104715e-03,1513.11378,3.6459574e-03,1.1554351e-03,-3.5018899e-02
-0.07276114675096323,1.0053382511872544,0.005910128036082042,2445.2662208533375,1.5275376e-03,876823,309.14943,1513.11434,9.9793048e+02,5.3450150e+00,6.3272498e+02,2.2750587e+00,1.1870898e+03,6.9786000e+00,0,nan,nan,nan,nan,309.14943,3.5846620e-03,1513.11434,3.6211663e-03,8.6120209e-03,-3.7555445e-02
-0.07137223816880578,1.0011358792733605,0.005909192231083174,2445.2676097619196,1.5275580e-03,876824,309.14548,1513.11092,9.9377161e+02,5.3427463e+00,6.3611334e+02,2.2744899e+00,1.1818131e+03,6.9756374e+00,0,nan,nan,nan,nan,309.14548,3.5966651e-03,1513.11092,3.6345578e-03,5.5647069e-03,-3.5911474e-02
-0.06998332958664832,1.0030577234907436,0.005910720234491735,2445.268998670502,1.5275783e-03,876825,309.14766,1513.12049,9.9491614e+02,5.3427076e+00,6.3478845e+02,2.2712393e+00,1.1837672e+03,6.9755874e+00,0,nan,nan,nan,nan,309.14766,3.5930807e-03,1513.12049,3.6289324e-03,5.6983195e-03,-3.0065283e-02
-0.06859442112090619,0.9984377811145052,0.005908326460070125,2445.2703875789675,1.5275986e-03,876826,309.15317,1513.11171,9.9099078e+02,5.3391314e+00,6.3516486e+02,2.2740061e+00,1.1780033e+03,6.9709182e+00,0,nan,nan,nan,nan,309.15317,3.6080617e-03,1513.11171,3.6435621e-03,2.3904215e-03,-3.9592467e-02
-0.06720551253920348,1.0000522316067346,0.005927149955586734,2445.2717764875492,1.5276190e-03,876827,309.14841,1513.11015,9.9198090e+02,5.3547363e+00,6.3668671e+02,2.2834918e+00,1.1795984e+03,6.9912920e+00,0,nan,nan,nan,nan,309.14841,3.6164913e-03,1513.11015,3.6461852e-03,5.1622633e-03,-3.6778580e-02
-0.06581660395750077,0.9990873304004134,0.005910667717102463,2445.273165396131,1.5276393e-03,876828,309.14609,1513.11249,9.9083307e+02,5.3384576e+00,6.3289484e+02,2.2742338e+00,1.1781541e+03,6.9700384e+00,0,nan,nan,nan,nan,309.14609,3.6020414e-03,1513.11249,3.6391134e-03,3.9596497e-03,-3.7678208e-02
-0.06442769549084915,1.0071239795738112,0.005916695057289597,2445.2745543045976,1.5276596e-03,876829,309.14856,1513.12231,9.9781079e+02,5.3425303e+00,6.2935815e+02,2.2713609e+00,1.1873264e+03,6.9753556e+00,0,nan,nan,nan,nan,309.14856,3.5857630e-03,1513.12231,3.6243838e-03,5.4277652e-03,-3.1514078e-02
-0.06303878690869169,1.0116927231330413,0.005930959456422745,2445.2759432131797,1.5276800e-03,876830,309.14715,1513.11111,1.0017453e+03,5.3540578e+00,6.2951111e+02,2.2727644e+00,1.1924114e+03,6.9904065e+00,0,nan,nan,nan,nan,309.14715,3.5804026e-03,1513.11111,3.6164180e-03,1.8704450e-03,-3.6145773e-02
-0.06164987844385905,1.0047289610759367,0.005919902127701952,2445.2773321216446,1.5277002e-03,876831,309.14459,1513.11311,9.9545422e+02,5.3427505e+00,6.3491443e+02,2.2764208e+00,1.1839100e+03,6.9756436e+00,0,nan,nan,nan,nan,309.14459,3.5885463e-03,1513.11311,3.6273897e-03,-1.9869552e-04,-4.0198561e-02
-0.060260969861701597,0.9929608709569332,0.0059117480099255175,2445.2787210302267,1.5277206e-03,876832,309.13993,1513.11656,9.8439178e+02,5.3340964e+00,6.3598199e+02,2.2750254e+00,1.1697592e+03,6.9643445e+00,0,nan,nan,nan,nan,309.13993,3.6262237e-03,1513.11656,3.6629520e-03,8.7957419e-03,-3.3401638e-02
-0.058872061279089394,1.0071749167144766,0.0059191317550858985,2445.2801099388093,1.5277410e-03,876833,309.14676,1513.11548,9.9691547e+02,5.3394928e+00,6.3297577e+02,2.2734489e+00,1.1862228e+03,6.9713902e+00,0,nan,nan,nan,nan,309.14676,3.5861579e-03,1513.11548,3.6186180e-03,7.6574669e-03,-3.5048775e-02
-0.05748315281334726,1.0092136446526287,0.005928179998367435,2445.281498847275,1.5277612e-03,876834,309.14295,1513.11050,9.9887750e+02,5.3464227e+00,6.3348975e+02,2.2776783e+00,1.1883500e+03,6.9804373e+00,0,nan,nan,nan,nan,309.14295,3.5779437e-03,1513.11050,3.6207233e-03,1.2589602e-03,-4.0614575e-02
-0.0560942442320993,0.997100455792046,0.005923646296682077,2445.2828877558563,1.5277816e-03,876835,309.14756,1513.11393,9.8747400e+02,5.3411384e+00,6.3698145e+02,2.2763445e+00,1.1738241e+03,6.9735384e+00,0,nan,nan,nan,nan,309.14756,3.6140385e-03,1513.11393,3.6563128e-03,5.1154671e-03,-3.5923056e-02
-0.054705335649941844,1.001084806647058,0.005920995590022801,2445.2842766644385,1.5278020e-03,876836,309.14627,1513.11322,9.9097754e+02,5.3375936e+00,6.3479022e+02,2.2769301e+00,1.1782598e+03,6.9689107e+00,0,nan,nan,nan,nan,309.14627,3.6039599e-03,1513.11322,3.6377253e-03,5.2760742e-03,-3.6118560e-02
-0.05331642718374496,0.9952589652304805,0.005933173907245963,2445.2856655729047,1.5278222e-03,876837,309.15056,1513.11157,9.8545416e+02,5.3474588e+00,6.3848767e+02,2.2788777e+00,1.1711589e+03,6.9817905e+00,0,nan,nan,nan,nan,309.15056,3.6473416e-03,1513.11157,3.6700591e-03,-6.8863638e-04,-4.1814800e-02
-0.05192751860158751,1.0010600578006645,0.005921546164851086,2445.287054481487,1.5278426e-03,876838,309.14968,1513.12075,9.9054980e+02,5.3359118e+00,6.3516937e+02,2.2721920e+00,1.1777499e+03,6.9667149e+00,0,nan,nan,nan,nan,309.14968,3.6041581e-03,1513.12075,3.6443621e-03,7.5323703e-03,-3.4665197e-02
-0.05053861002033955,0.998070872238879,0.00592908788489626,2445.288443390068,1.5278630e-03,876839,309.14621,1513.11564,9.8775726e+02,5.3416877e+00,6.3512915e+02,2.2759416e+00,1.1740088e+03,6.9742556e+00,0,nan,nan,nan,nan,309.14621,3.6223265e-03,1513.11564,3.6541973e-03,5.9580300e-03,-3.4060415e-02
-0.049149701554597414,0.995854840900714,0.005920420309559006,2445.289832298534,1.5278832e-03,876840,309.14136,1513.11566,9.8547552e+02,5.3329101e+00,6.3353156e+02,2.2775860e+00,1.1711893e+03,6.9627948e+00,0,nan,nan,nan,nan,309.14136,3.6267182e-03,1513.11566,3.6536150e-03,-3.6888345e-05,-3.7025075e-02
-0.047760792971530464,1.0000393118550048,0.005923146359452965,2445.291221207117,1.5279036e-03,876841,309.15185,1513.11733,9.8901056e+02,5.3344474e+00,6.3412677e+02,2.2726214e+00,1.1759082e+03,6.9648032e+00,0,nan,nan,nan,nan,309.15185,3.6078200e-03,1513.11733,3.6476029e-03,8.5880877e-03,-3.4336653e-02
-0.046371884389827756,0.9896476342898293,0.005918883413980483,2445.2926101156986,1.5279240e-03,876842,309.14701,1513.10994,9.7961591e+02,5.3297453e+00,6.3777893e+02,2.2743499e+00,1.1635006e+03,6.9586630e+00,0,nan,nan,nan,nan,309.14701,3.6347026e-03,1513.10994,3.6822597e-03,2.0114563e-03,-3.7713211e-02
-0.04498297592454037,0.9962927114044176,0.005919932283817196,2445.293999024164,1.5279442e-03,876843,309.14369,1513.11365,9.8542767e+02,5.3298817e+00,6.3102356e+02,2.2742050e+00,1.1711355e+03,6.9588413e+00,0,nan,nan,nan,nan,309.14369,3.6241715e-03,1513.11365,3.6612053e-03,5.3957384e-03,-3.4892585e-02
-0.043594067342382914,1.0012737177935824,0.005927270633131761,2445.295387932746,1.5279646e-03,876844,309.14272,1513.11644,9.8974817e+02,5.3357368e+00,6.3365948e+02,2.2721949e+00,1.1768248e+03,6.9664860e+00,0,nan,nan,nan,nan,309.14272,3.6078354e-03,1513.11644,3.6457898e-03,2.5754496e-03,-3.6796577e-02
-0.04220515876022546,0.9933245408086506,0.005924708240618425,2445.296776841328,1.5279850e-03,876845,309.14646,1513.11250,9.8261554e+02,5.3327379e+00,6.3531842e+02,2.2789633e+00,1.1673303e+03,6.9625702e+00,0,nan,nan,nan,nan,309.14646,3.6312148e-03,1513.11250,3.6716443e-03,4.2833942e-03,-3.9131366e-02
-0.040816250294483325,0.9911901568499312,0.005911494839222533,2445.298165749794,1.5280052e-03,876846,309.15254,1513.11550,9.8017218e+02,5.3202133e+00,6.3061951e+02,2.2685914e+00,1.1646838e+03,6.9462175e+00,0,nan,nan,nan,nan,309.15254,3.6416559e-03,1513.11550,3.6777598e-03,5.3937016e-03,-3.3343088e-02
-0.03942734171232587,0.9917502578841413,0.005919473299050151,2445.299554658376,1.5280256e-03,876847,309.14788,1513.10970,9.8087921e+02,5.3268218e+00,6.3428662e+02,2.2740979e+00,1.1652169e+03,6.9548464e+00,0,nan,nan,nan,nan,309.14788,3.6405185e-03,1513.10970,3.6777291e-03,4.0092585e-03,-4.0440716e-02
-0.038038433130168414,0.9868777307192944,0.005932483747324865,2445.3009435669583,1.5280460e-03,876848,309.14252,1513.11830,9.7600647e+02,5.3380194e+00,6.3764539e+02,2.2843137e+00,1.1593813e+03,6.9694662e+00,0,nan,nan,nan,nan,309.14252,3.6475554e-03,1513.11830,3.6967220e-03,3.0672534e-03,-2.9060366e-02
-0.03664952466442628,0.9998351296897051,0.005935671626409125,2445.302332475424,1.5280662e-03,876849,309.15198,1513.10785,9.8793396e+02,5.3404398e+00,6.3260150e+02,2.2736948e+00,1.1745052e+03,6.9726272e+00,0,nan,nan,nan,nan,309.15198,3.6164762e-03,1513.10785,3.6599478e-03,3.6805861e-03,-3.8375624e-02
-0.035260616082268825,0.9866525083207897,0.005921778148920722,2445.303721384006,1.5280866e-03,876850,309.15139,1513.11246,9.7615875e+02,5.3275571e+00,6.3691772e+02,2.2756755e+00,1.1589363e+03,6.9558063e+00,0,nan,nan,nan,nan,309.15139,3.6485775e-03,1513.11246,3.6898288e-03,8.3147716e-03,-3.8085192e-02
-0.03387170750011137,0.9917014729612867,0.005932010702357382,2445.3051102925883,1.5281070e-03,876851,309.15141,1513.10960,9.8075867e+02,5.3364434e+00,6.3383655e+02,2.2785971e+00,1.1647971e+03,6.9674082e+00,0,nan,nan,nan,nan,309.15141,3.6426627e-03,1513.10960,3.6835207e-03,7.9326779e-03,-3.2396737e-02
-0.03248279903527873,0.9900778846756847,0.00591835653142954,2445.306499201053,1.5281272e-03,876852,309.14892,1513.11523,9.7905414e+02,5.3239050e+00,6.3562720e+02,2.2746489e+00,1.1628346e+03,6.9510388e+00,0,nan,nan,nan,nan,309.14892,3.6396442e-03,1513.11523,3.6783430e-03,5.3333454e-03,-3.6477569e-02
-0.031093890453121276,0.9889479986593036,0.005922688147522865,2445.3078881096353,1.5281476e-03,876853,309.15357,1513.11675,9.7785388e+02,5.3276114e+00,6.3606897e+02,2.2753921e+00,1.1614662e+03,6.9558778e+00,0,nan,nan,nan,nan,309.15357,3.6496418e-03,1513.11675,3.6833955e-03,7.0136432e-03,-3.3191215e-02
-0.029704981986469647,0.992067248414872,0.005918342956157237,2445.309277018102,1.5281679e-03,876854,309.14627,1513.11252,9.8076721e+02,5.3235784e+00,6.3346265e+02,2.2744811e+00,1.1651022e+03,6.9506116e+00,0,nan,nan,nan,nan,309.14627,3.6350328e-03,1513.11252,3.6737593e-03,9.3164816e-03,-3.6570340e-02
-0.028316073404312192,0.983468364304142,0.005913748690996435,2445.310665926684,1.5281882e-03,876855,309.14513,1513.11382,9.7265247e+02,5.3193855e+00,6.3394305e+02,2.2733307e+00,1.1549904e+03,6.9451375e+00,0,nan,nan,nan,nan,309.14513,3.6580842e-03,1513.11382,3.6980459e-03,7.0984140e-03,-2.8844042e-02
-0.02692716482306423,0.9974231313704998,0.0059245409273029175,2445.3120548352654,1.5282086e-03,876856,309.14698,1513.12105,9.8537598e+02,5.3290973e+00,6.3344531e+02,2.2716229e+00,1.1713798e+03,6.9578171e+00,0,nan,nan,nan,nan,309.14698,3.6205624e-03,1513.12105,3.6596090e-03,6.3482355e-03,-3.1684767e-02
-0.025538256357322098,0.9789492126066184,0.005913702719078302,2445.313443743731,1.5282289e-03,876857,309.15267,1513.10856,9.6901117e+02,5.3194160e+00,6.3677496e+02,2.2769547e+00,1.1496985e+03,6.9451771e+00,0,nan,nan,nan,nan,309.15267,3.6687751e-03,1513.10856,3.7130679e-03,5.8673355e-03,-3.5808198e-02
-0.024149347775164642,0.9881053316335132,0.00591792158561345,2445.3148326523133,1.5282492e-03,876858,309.15069,1513.11629,9.7699933e+02,5.3233418e+00,6.3417926e+02,2.2753401e+00,1.1604803e+03,6.9503026e+00,0,nan,nan,nan,nan,309.15069,3.6469968e-03,1513.11629,3.6813375e-03,1.2811953e-02,-3.1417347e-02
-0.022760439193007187,0.9900823882532903,0.005921102927556351,2445.3162215608954,1.5282696e-03,876859,309.14763,1513.11810,9.7912653e+02,5.3263979e+00,6.3628882e+02,2.2746742e+00,1.1628447e+03,6.9542928e+00,0,nan,nan,nan,nan,309.14763,3.6399865e-03,1513.11810,3.6766743e-03,3.3801880e-03,-3.6308538e-02
-0.0213715307277198,0.9823625058126519,0.0059110722531844585,2445.3176104693607,1.5282899e-03,876860,309.14801,1513.11808,9.7191937e+02,5.3176303e+00,6.3542371e+02,2.2750802e+00,1.1538333e+03,6.9428458e+00,0,nan,nan,nan,nan,309.14801,3.6669367e-03,1513.11808,3.6939913e-03,5.3309361e-03,-2.9936938e-02
-0.019982622146017093,0.9896787891416885,0.005916761776531735,2445.3189993779424,1.5283102e-03,876861,309.14691,1513.11481,9.7876093e+02,5.3230658e+00,6.3288245e+02,2.2716486e+00,1.1624958e+03,6.9499426e+00,0,nan,nan,nan,nan,309.14691,3.6482145e-03,1513.11481,3.6789877e-03,4.3004742e-03,-3.7020151e-02
-0.018593713562950143,0.9941474982344332,0.005921711237759749,2445.3203882865255,1.5283306e-03,876862,309.14316,1513.11445,9.8279077e+02,5.3278966e+00,6.3374420e+02,2.2720830e+00,1.1678275e+03,6.9562492e+00,0,nan,nan,nan,nan,309.14316,3.6313199e-03,1513.11445,3.6689090e-03,3.8877467e-03,-3.4393180e-02
-0.01720480509720801,0.9840714029614691,0.005932412333004257,2445.3217771949912,1.5283509e-03,876863,309.15185,1513.11363,9.7401508e+02,5.3379612e+00,6.3839838e+02,2.2813680e+00,1.1560858e+03,6.9693904e+00,0,nan,nan,nan,nan,309.15185,3.6722962e-03,1513.11363,3.7108560e-03,8.0631552e-03,-3.5363458e-02
-0.01581589651596005,0.9907630322768116,0.005933944879131515,2445.3231661035725,1.5283712e-03,876864,309.15033,1513.11668,9.7974255e+02,5.3398352e+00,6.3672437e+02,2.2802269e+00,1.1640549e+03,6.9718370e+00,0,nan,nan,nan,nan,309.15033,3.6527538e-03,1513.11668,3.6873121e-03,3.2991176e-03,-3.4144018e-02
-0.014426987933802593,0.9822744318990277,0.005908974497562544,2445.3245550121546,1.5283916e-03,876865,309.14802,1513.11346,9.7249231e+02,5.3179135e+00,6.3299817e+02,2.2725308e+00,1.1542008e+03,6.9432154e+00,0,nan,nan,nan,nan,309.14802,3.6598751e-03,1513.11346,3.7024673e-03,5.1941783e-03,-3.4914903e-02
-0.01303807946806046,0.9949560568772132,0.005916268716462735,2445.3259439206204,1.5284119e-03,876866,309.15483,1513.10746,9.8383710e+02,5.3250818e+00,6.3244012e+02,2.2727551e+00,1.1692346e+03,6.9525743e+00,0,nan,nan,nan,nan,309.15483,3.6236802e-03,1513.10746,3.6640726e-03,3.8757129e-03,-3.5674434e-02
-0.011649170885903004,0.9889077327883711,0.0059127947786411904,2445.3273328292025,1.5284322e-03,876867,309.14870,1513.10710,9.7852753e+02,5.3226113e+00,6.3107690e+02,2.2746732e+00,1.1622701e+03,6.9493489e+00,0,nan,nan,nan,nan,309.14870,3.6398219e-03,1513.10710,3.6840795e-03,7.1369214e-03,-4.1072160e-02
-0.010260262420615618,0.9845731941382171,0.005910501352840384,2445.328721737668,1.5284525e-03,876868,309.14358,1513.11706,9.7465234e+02,5.3212533e+00,6.3403314e+02,2.2742548e+00,1.1573295e+03,6.9475765e+00,0,nan,nan,nan,nan,309.14358,3.6597606e-03,1513.11706,3.6935692e-03,3.1464461e-03,-3.0306812e-02
-0.00887135383891291,0.9945912038190614,0.0059195524411210605,2445.3301106462495,1.5284729e-03,876869,309.15009,1513.11019,9.8365344e+02,5.3301601e+00,6.3324194e+02,2.2737477e+00,1.1692715e+03,6.9592047e+00,0,nan,nan,nan,nan,309.15009,3.6263468e-03,1513.11019,3.6682815e-03,6.5947669e-03,-3.3650704e-02
-0.00748244525584596,0.9819186193913446,0.0059103275810922645,2445.3314995548326,1.5284932e-03,876870,309.14990,1513.11630,9.7253778e+02,5.3226566e+00,6.3498169e+02,2.2786005e+00,1.1545474e+03,6.9494081e+00,0,nan,nan,nan,nan,309.14990,3.6581759e-03,1513.11630,3.6999830e-03,4.3670279e-03,-3.6842741e-02
-0.006093536789649079,0.9882054876362868,0.005920742179692305,2445.332888463299,1.5285135e-03,876871,309.14401,1513.10777,9.7870093e+02,5.3328853e+00,6.3570306e+02,2.2751310e+00,1.1621248e+03,6.9627633e+00,0,nan,nan,nan,nan,309.14401,3.6507342e-03,1513.10777,3.6859554e-03,1.6249274e-03,-4.2995490e-02
-0.004704628207946371,0.9902962168109942,0.0059143573507040486,2445.3342773718805,1.5285339e-03,876872,309.15411,1513.11607,9.8019989e+02,5.3280268e+00,6.3354224e+02,2.2725036e+00,1.1647784e+03,6.9564195e+00,0,nan,nan,nan,nan,309.15411,3.6377527e-03,1513.11607,3.6779945e-03,8.0910632e-03,-3.2317512e-02
-0.00331571962669841,0.9834148133397267,0.005905968662869713,2445.3356662804617,1.5285542e-03,876873,309.14633,1513.11475,9.7431006e+02,5.3214011e+00,6.3178992e+02,2.2741265e+00,1.1568871e+03,6.9477692e+00,0,nan,nan,nan,nan,309.14633,3.6547254e-03,1513.11475,3.6914973e-03,2.4139222e-03,-3.5347786e-02
-0.0019268111605015292,0.9904638935116507,0.005933567525830254,2445.337055188928,1.5285745e-03,876874,309.14731,1513.11207,9.8072992e+02,5.3472428e+00,6.3360657e+02,2.2826958e+00,1.1653920e+03,6.9815087e+00,0,nan,nan,nan,nan,309.14731,3.6486494e-03,1513.11207,3.6905960e-03,2.2629388e-03,-3.5670929e-02
-0.0005379025778893265,0.9910445986092989,0.005913372153162128,2445.3384440975105,1.5285949e-03,876875,309.14868,1513.11348,9.8180164e+02,5.3300505e+00,6.3656464e+02,2.2752893e+00,1.1662957e+03,6.9590616e+00,0,nan,nan,nan,nan,309.14868,3.6365967e-03,1513.11348,3.6738443e-03,7.1138423e-03,-3.6919758e-02
0.0008510060033586342,0.9879301378946823,0.005908980333876867,2445.339833006092,1.5286152e-03,876876,309.14546,1513.11354,9.7886688e+02,5.3271317e+00,6.3653687e+02,2.2772448e+00,1.1628574e+03,6.9552507e+00,0,nan,nan,nan,nan,309.14546,3.6388852e-03,1513.11354,3.6834045e-03,3.3065600e-03,-3.5187721e-02
0.002239914468191273,0.981458636423135,0.00590053994994585,2445.3412219145566,1.5286355e-03,876877,309.14700,1513.11363,9.7351862e+02,5.3205919e+00,6.3656781e+02,2.2746627e+00,1.1554724e+03,6.9467125e+00,0,nan,nan,nan,nan,309.14700,3.6613019e-03,1513.11363,3.6974498e-03,3.9978274e-03,-3.9676413e-02
0.003628823051258223,0.9844946902164051,0.005896379327158038,2445.3426108231397,1.5286559e-03,876878,309.14485,1513.11050,9.7597162e+02,5.3179379e+00,6.3363373e+02,2.2712843e+00,1.1592860e+03,6.9432473e+00,0,nan,nan,nan,nan,309.14485,3.6491856e-03,1513.11050,3.6824381e-03,6.7889863e-03,-3.0416898e-02
0.005017731517909851,0.9928918425235341,0.00591390446889434,2445.3439997316063,1.5286761e-03,876879,309.14578,1513.11249,9.8404645e+02,5.3348703e+00,6.3494159e+02,2.2794266e+00,1.1694210e+03,6.9653544e+00,0,nan,nan,nan,nan,309.14578,3.6287210e-03,1513.11249,3.6655439e-03,2.3931665e-03,-3.7593070e-02
0.006406640099612559,0.9917251442274133,0.005902784125602718,2445.345388640188,1.5286965e-03,876880,309.15128,1513.11468,9.8301947e+02,5.3259864e+00,6.3165387e+02,2.2732511e+00,1.1682986e+03,6.9537559e+00,0,nan,nan,nan,nan,309.15128,3.6279077e-03,1513.11468,3.6634847e-03,9.1971755e-03,-3.6934134e-02
0.00779554868086052,0.99734544816926,0.005906986831591238,2445.3467775487693,1.5287169e-03,876881,309.14439,1513.11673,9.8859528e+02,5.3309484e+00,6.3091748e+02,2.2735233e+00,1.1751774e+03,6.9602337e+00,0,nan,nan,nan,nan,309.14439,3.6130925e-03,1513.11673,3.6479032e-03,5.8006821e-04,-3.5747025e-02
0.009184457146602654,0.9986471274690168,0.005909362864216604,2445.348166457235,1.5287371e-03,876882,309.14462,1513.11312,9.8979095e+02,5.3342800e+00,6.3339594e+02,2.2726219e+00,1.1769731e+03,6.9645839e+00,0,nan,nan,nan,nan,309.14462,3.6099383e-03,1513.11312,3.6437626e-03,2.7261877e-03,-3.6729045e-02
0.010573365729214856,0.9974566490884655,0.005903789041083706,2445.3495553658177,1.5287575e-03,876883,309.15213,1513.11692,9.8891962e+02,5.3304496e+00,6.3018365e+02,2.2689233e+00,1.1758352e+03,6.9595833e+00,0,nan,nan,nan,nan,309.15213,3.6035920e-03,1513.11692,3.6467852e-03,5.3193453e-03,-3.5566133e-02
0.011962274311372312,0.9840448069139802,0.005898001478327633,2445.3509442744,1.5287779e-03,876884,309.14054,1513.11594,9.7735101e+02,5.3264375e+00,6.3486676e+02,2.2767200e+00,1.1602891e+03,6.9543447e+00,0,nan,nan,nan,nan,309.14054,3.6525647e-03,1513.11594,3.6799563e-03,4.7220665e-04,-4.0670156e-02
0.01335118277620495,0.9975515484601507,0.005911758309030818,2445.3523331828646,1.5287981e-03,876885,309.14237,1513.11101,9.8929285e+02,5.3400865e+00,6.3678351e+02,2.2735093e+00,1.1764849e+03,6.9721651e+00,0,nan,nan,nan,nan,309.14237,3.6126762e-03,1513.11101,3.6566283e-03,6.5646884e-03,-3.4574013e-02
0.014740091358362406,0.9955298593833112,0.005927448225319436,2445.353722091447,1.5288185e-03,876886,309.14457,1513.12089,9.8750513e+02,5.3554955e+00,6.3842657e+02,2.2833216e+00,1.1743715e+03,6.9922829e+00,0,nan,nan,nan,nan,309.14457,3.6197472e-03,1513.12089,3.6621175e-03,-1.0496741e-05,-3.1706940e-02
0.016128999825014034,1.0060261843958582,0.005926168941056293,2445.3551109999134,1.5288388e-03,876887,309.14756,1513.10822,9.9744843e+02,5.3555784e+00,6.3517596e+02,2.2766137e+00,1.1870281e+03,6.9923916e+00,0,nan,nan,nan,nan,309.14756,3.5995350e-03,1513.10822,3.6372205e-03,5.2895420e-03,-3.7041523e-02
0.01751790840671666,1.0027560144995253,0.005911761768159527,2445.356499908495,1.5288591e-03,876888,309.14475,1513.11391,9.9485883e+02,5.3437958e+00,6.3245880e+02,2.2743304e+00,1.1834436e+03,6.9770079e+00,0,nan,nan,nan,nan,309.14475,3.6021234e-03,1513.11391,3.6334766e-03,5.4975725e-03,-4.0533923e-02
0.01890681698796462,1.005268725098721,0.005908967810300969,2445.3578888170764,1.5288795e-03,876889,309.14453,1513.11819,9.9734308e+02,5.3425055e+00,6.3029236e+02,2.2746997e+00,1.1866835e+03,6.9753237e+00,0,nan,nan,nan,nan,309.14453,3.5877656e-03,1513.11819,3.6207975e-03,1.8747819e-03,-3.8159624e-02
0.020295725453706753,1.000765222603918,0.005921387252369812,2445.359277725542,1.5288998e-03,876890,309.14900,1513.11166,9.9325153e+02,5.3549681e+00,6.3613196e+02,2.2794392e+00,1.1816395e+03,6.9915953e+00,0,nan,nan,nan,nan,309.14900,3.6035613e-03,1513.11166,3.6423951e-03,4.6458570e-03,-3.6422368e-02
0.021684634036318956,1.0054124703497145,0.005908683956254608,2445.3606666341248,1.5289201e-03,876891,309.15571,1513.11438,9.9767126e+02,5.3447042e+00,6.3501221e+02,2.2734957e+00,1.1873987e+03,6.9781942e+00,0,nan,nan,nan,nan,309.15571,3.5839563e-03,1513.11438,3.6220599e-03,7.3081846e-03,-3.4432933e-02
0.023073542502970584,1.000342329835575,0.005905496534531325,2445.3620555425914,1.5289404e-03,876892,309.14632,1513.11029,9.9347009e+02,5.3430357e+00,6.3794873e+02,2.2759769e+00,1.1816792e+03,6.9760151e+00,0,nan,nan,nan,nan,309.14632,3.5978518e-03,1513.11029,3.6389523e-03,9.6657447e-04,-3.8195789e-02
0.024462451084218545,1.0047294144847765,0.005905878981606036,2445.3634444511727,1.5289608e-03,876893,309.15031,1513.11345,9.9747272e+02,5.3445830e+00,6.3465015e+02,2.2745717e+00,1.1871284e+03,6.9780354e+00,0,nan,nan,nan,nan,309.15031,3.5797560e-03,1513.11345,3.6282025e-03,6.3345726e-03,-3.6890429e-02
0.025851359665466506,0.9914920635358803,0.005894497512046433,2445.364833359754,1.5289811e-03,876894,309.14748,1513.11778,9.8581964e+02,5.3354673e+00,6.3583411e+02,2.2782185e+00,1.1717482e+03,6.9661341e+00,0,nan,nan,nan,nan,309.14748,3.6204518e-03,1513.11778,3.6606861e-03,4.5312612e-04,-3.5091754e-02
0.027240268132118134,1.0014136292782734,0.005897357900356524,2445.3662222682206,1.5290014e-03,876895,309.14784,1513.10925,9.9509033e+02,5.3392234e+00,6.3436359e+02,2.2750592e+00,1.1837323e+03,6.9710383e+00,0,nan,nan,nan,nan,309.14784,3.5879577e-03,1513.10925,3.6236937e-03,7.1590641e-03,-3.8983457e-02
0.02862917671427559,0.9913117351853927,0.005892004368929783,2445.3676111768027,1.5290218e-03,876896,309.14638,1513.11686,9.8612769e+02,5.3355222e+00,6.3786377e+02,2.2760837e+00,1.1720430e+03,6.9662061e+00,0,nan,nan,nan,nan,309.14638,3.6206627e-03,1513.11686,3.6592479e-03,5.2238763e-03,-3.6744501e-02
0.030018085295978297,0.9914710438498202,0.005897934262391431,2445.3690000853844,1.5290421e-03,876897,309.14814,1513.11140,9.8639069e+02,5.3420172e+00,6.3792932e+02,2.2843978e+00,1.1724781e+03,6.9746857e+00,0,nan,nan,nan,nan,309.14814,3.6194737e-03,1513.11140,3.6544495e-03,2.8346933e-03,-3.6380798e-02
0.031406993761265684,0.994553385081357,0.005886923494375739,2445.3703889938497,1.5290624e-03,876898,309.14990,1513.11422,9.8910938e+02,5.3331418e+00,6.3584106e+02,2.2711871e+00,1.1763654e+03,6.9630980e+00,0,nan,nan,nan,nan,309.14990,3.6088722e-03,1513.11422,3.6468832e-03,7.1070916e-03,-3.1481624e-02
0.03279590234342314,0.9999021947120944,0.0058968715888939646,2445.371777902432,1.5290828e-03,876899,309.14602,1513.10559,9.9455206e+02,5.3432269e+00,6.3569556e+02,2.2771370e+00,1.1829293e+03,6.9762650e+00,0,nan,nan,nan,nan,309.14602,3.5973380e-03,1513.10559,3.6328691e-03,8.4334076e-04,-4.1635003e-02
0.03418481081007477,1.00529234718139,0.005895657557197429,2445.3731668108985,1.5291030e-03,876900,309.15037,1513.11451,9.9929681e+02,5.3431687e+00,6.3353223e+02,2.2700520e+00,1.1895382e+03,6.9761891e+00,0,nan,nan,nan,nan,309.15037,3.5756575e-03,1513.11451,3.6180362e-03,7.4826716e-03,-2.9830847e-02
0.03557371939132273,1.004870642569738,0.005896646642387252,2445.3745557194798,1.5291234e-03,876901,309.15318,1513.11129,9.9906848e+02,5.3450761e+00,6.3257623e+02,2.2761245e+00,1.1892640e+03,6.9786797e+00,0,nan,nan,nan,nan,309.15318,3.5836434e-03,1513.11129,3.6143595e-03,7.6333461e-03,-3.2443874e-02
0.03696262797257069,0.9994789013498125,0.005893320369927635,2445.375944628061,1.5291438e-03,876902,309.14613,1513.11877,9.9458765e+02,5.3430371e+00,6.3484723e+02,2.2752268e+00,1.1830990e+03,6.9760170e+00,0,nan,nan,nan,nan,309.14613,3.5943887e-03,1513.11877,3.6341071e-03,6.7129210e-03,-3.4974013e-02
0.03835153643922232,0.9963088197190894,0.005896738356366229,2445.3773335365277,1.5291640e-03,876903,309.14518,1513.11999,9.9193292e+02,5.3470759e+00,6.3630560e+02,2.2786152e+00,1.1795541e+03,6.9812908e+00,0,nan,nan,nan,nan,309.14518,3.6079430e-03,1513.11999,3.6427334e-03,5.3726598e-03,-3.3563644e-02
0.03974044502137977,1.0045518691884032,0.0058924263576735966,2445.37872244511,1.5291844e-03,876904,309.14597,1513.11223,9.9946143e+02,5.3440685e+00,6.3197906e+02,2.2726872e+00,1.1895140e+03,6.9773641e+00,0,nan,nan,nan,nan,309.14597,3.5827693e-03,1513.11223,3.6169402e-03,3.3387360e-03,-3.3383004e-02
0.04112935348666716,0.9989928808030795,0.00588901215795992,2445.380111353575,1.5292047e-03,876905,309.14297,1513.11378,9.9445679e+02,5.3418336e+00,6.3574261e+02,2.2757525e+00,1.1831224e+03,6.9744463e+00,0,nan,nan,nan,nan,309.14297,3.5885533e-03,1513.11378,3.6376917e-03,8.1695318e-03,-3.1875573e-02
0.042518262068369866,1.0023246527494094,0.00589702474210028,2445.381500262157,1.5292250e-03,876906,309.14506,1513.11616,9.9772119e+02,5.3499236e+00,6.3609906e+02,2.2809684e+00,1.1872506e+03,6.9850087e+00,0,nan,nan,nan,nan,309.14506,3.5937272e-03,1513.11616,3.6248285e-03,5.7189413e-03,-3.7063777e-02
0.04390717065052732,0.9939477301345575,0.005882392153353845,2445.382889170739,1.5292454e-03,876907,309.14129,1513.11319,9.8996661e+02,5.3374248e+00,6.3460815e+02,2.2730000e+00,1.1774995e+03,6.9686904e+00,0,nan,nan,nan,nan,309.14129,3.6091655e-03,1513.11319,3.6465777e-03,3.3285858e-03,-3.0604837e-02
0.04529607911717895,0.9956259427822245,0.00588185210139123,2445.3842780792056,1.5292657e-03,876908,309.14031,1513.11251,9.9209937e+02,5.3376670e+00,6.3435699e+02,2.2737389e+00,1.1796494e+03,6.9690061e+00,0,nan,nan,nan,nan,309.14031,3.6067076e-03,1513.11251,3.6381949e-03,5.6846361e-03,-3.8900916e-02
0.04668498769842691,0.9967942810826204,0.0058835397299702545,2445.385666987787,1.5292860e-03,876909,309.14644,1513.11716,9.9292212e+02,5.3398843e+00,6.3528033e+02,2.2737787e+00,1.1811854e+03,6.9719014e+00,0,nan,nan,nan,nan,309.14644,3.5973547e-03,1513.11716,3.6328682e-03,5.9165708e-03,-3.0571034e-02
0.04807389616325955,1.006949798916127,0.0058944828444701435,2445.3870558962517,1.5293063e-03,876910,309.14463,1513.11361,1.0025953e+03,5.3504562e+00,6.3334692e+02,2.2747564e+00,1.1933624e+03,6.9857044e+00,0,nan,nan,nan,nan,309.14463,3.5653287e-03,1513.11361,3.6078845e-03,3.9368086e-03,-4.2798646e-02
0.0494628047463265,1.0015132539545826,0.005882115365209983,2445.3884448048348,1.5293267e-03,876911,309.15217,1513.11538,9.9726520e+02,5.3398213e+00,6.3196326e+02,2.2703736e+00,1.1870507e+03,6.9718189e+00,0,nan,nan,nan,nan,309.15217,3.5855318e-03,1513.11538,3.6162497e-03,8.5845944e-03,-2.8965333e-02
0.0508517133289387,1.0042153940602714,0.005891298034951534,2445.3898337134174,1.5293470e-03,876912,309.14901,1513.11014,1.0000662e+03,5.3486986e+00,6.3022540e+02,2.2729645e+00,1.1903739e+03,6.9834094e+00,0,nan,nan,nan,nan,309.14901,3.5874173e-03,1513.11014,3.6189985e-03,3.3353907e-03,-3.6541533e-02
0.052240621794680836,0.9967066411097721,0.005897176294779982,2445.391222621883,1.5293673e-03,876913,309.14879,1513.11869,9.9338922e+02,5.3545275e+00,6.3350842e+02,2.2778120e+00,1.1815818e+03,6.9910197e+00,0,nan,nan,nan,nan,309.14879,3.5974430e-03,1513.11869,3.6475288e-03,5.6383945e-03,-3.2093238e-02
0.0536295303759288,0.9958263338887595,0.005874256935373368,2445.3926115304644,1.5293877e-03,876914,309.14681,1513.11087,9.9257819e+02,5.3341556e+00,6.3176202e+02,2.2711623e+00,1.1806353e+03,6.9644217e+00,0,nan,nan,nan,nan,309.14681,3.6028235e-03,1513.11087,3.6361127e-03,6.0208477e-03,-3.9369654e-02
0.05501843884121618,0.9982645252985538,0.0058934946182396175,2445.3940004389297,1.5294079e-03,876915,309.14465,1513.11509,9.9484412e+02,5.3520136e+00,6.3242120e+02,2.2750413e+00,1.1836117e+03,6.9877372e+00,0,nan,nan,nan,nan,309.14465,3.5904325e-03,1513.11509,3.6366903e-03,2.3234943e-03,-3.3126432e-02
0.05640734742428313,1.0009601562178472,0.00588664788601364,2445.3953893475127,1.5294283e-03,876916,309.15644,1513.11248,9.9746875e+02,5.3461308e+00,6.3870679e+02,2.2742355e+00,1.1868824e+03,6.9800568e+00,0,nan,nan,nan,nan,309.15644,3.5887212e-03,1513.11248,3.6269941e-03,1.1045701e-02,-3.4875702e-02
0.05779625600644059,1.0051667704673057,0.0058870061361841865,2445.396778256095,1.5294487e-03,876917,309.14153,1513.11044,1.0015044e+03,5.3467393e+00,6.3277704e+02,2.2739952e+00,1.1919335e+03,6.9808512e+00,0,nan,nan,nan,nan,309.14153,3.5711434e-03,1513.11044,3.6127991e-03,1.5105796e-03,-4.2196114e-02
0.05918516447127323,1.003086473207606,0.005888650911319127,2445.3981671645597,1.5294689e-03,876918,309.14705,1513.10625,9.9940332e+02,5.3484631e+00,6.3669580e+02,2.2732267e+00,1.1895177e+03,6.9831018e+00,0,nan,nan,nan,nan,309.14705,3.5799898e-03,1513.10625,3.6249575e-03,7.3154811e-03,-3.3456031e-02
0.06057407305343068,1.0056484996998283,0.0058947257869838565,2445.399556073142,1.5294893e-03,876919,309.14437,1513.11775,1.0018965e+03,5.3541570e+00,6.3519879e+02,2.2732537e+00,1.1925953e+03,6.9905362e+00,0,nan,nan,nan,nan,309.14437,3.5841630e-03,1513.11775,3.6145295e-03,1.8359425e-04,-4.0127143e-02
0.061962981519627564,1.0032196644354678,0.005889314702455664,2445.400944981608,1.5295096e-03,876920,309.15015,1513.11795,9.9948517e+02,5.3493671e+00,6.3309546e+02,2.2779009e+00,1.1897424e+03,6.9842815e+00,0,nan,nan,nan,nan,309.15015,3.5942085e-03,1513.11795,3.6167391e-03,6.1836685e-03,-3.3168845e-02
0.06335189010223977,1.0139337976819287,0.005892411075970535,2445.4023338901907,1.5295299e-03,876921,309.13461,1513.12008,1.0095220e+03,5.3522496e+00,6.3022626e+02,2.2718353e+00,1.2024647e+03,6.9880457e+00,0,nan,nan,nan,nan,309.13461,3.5534678e-03,1513.12008,3.5853225e-03,5.4340800e-03,-3.3692114e-02
0.06474079868348773,0.9935107246203007,0.005878512026738836,2445.403722798772,1.5295503e-03,876922,309.14044,1513.11189,9.9086279e+02,5.3396440e+00,6.3483716e+02,2.2743809e+00,1.1782482e+03,6.9715872e+00,0,nan,nan,nan,nan,309.14044,3.6157987e-03,1513.11189,3.6430212e-03,3.3459521e-03,-4.1304871e-02
0.06612970714832037,0.9986053355766928,0.005895647912174652,2445.4051117072368,1.5295706e-03,876923,309.14748,1513.11561,9.9543549e+02,5.3551755e+00,6.3678979e+02,2.2756827e+00,1.1842827e+03,6.9918656e+00,0,nan,nan,nan,nan,309.14748,3.5960553e-03,1513.11561,3.6461572e-03,5.6489869e-03,-3.4514435e-02
0.06751861573138732,0.9969281505957439,0.005884069561637015,2445.40650061582,1.5295909e-03,876924,309.14651,1513.11665,9.9424414e+02,5.3445730e+00,6.3775354e+02,2.2766643e+00,1.1822750e+03,6.9780235e+00,0,nan,nan,nan,nan,309.14651,3.5969408e-03,1513.11665,3.6300947e-03,2.8118514e-03,-3.8839966e-02
0.06890752419803894,1.011314778779422,0.005893230148559606,2445.4078895242865,1.5296112e-03,876925,309.14814,1513.11934,1.0070793e+03,5.3527589e+00,6.3689117e+02,2.2724004e+00,1.1993060e+03,6.9887109e+00,0,nan,nan,nan,nan,309.14814,3.5632937e-03,1513.11934,3.5968740e-03,7.0528835e-03,-3.6892276e-02
0.0702964327792869,0.9945209566399424,0.005878436619974128,2445.4092784328677,1.5296316e-03,876926,309.14496,1513.11787,9.9156512e+02,5.3391380e+00,6.3458228e+02,2.2723663e+00,1.1793497e+03,6.9709263e+00,0,nan,nan,nan,nan,309.14496,3.6010838e-03,1513.11787,3.6438734e-03,3.1969894e-03,-3.5234179e-02
0.07168534136053487,1.0033172420835186,0.005908825318996717,2445.410667341449,1.5296519e-03,876927,309.14583,1513.11178,9.9970160e+02,5.3665047e+00,6.3821863e+02,2.2799802e+00,1.1897289e+03,7.0066576e+00,0,nan,nan,nan,nan,309.14583,3.5779814e-03,1513.11178,3.6328414e-03,2.2459198e-03,-3.2855399e-02
0.07307424982673175,0.996894642105524,0.005879018348555551,2445.412056249915,1.5296722e-03,876928,309.14457,1513.11336,9.9406519e+02,5.3391538e+00,6.3455365e+02,2.2741840e+00,1.1820510e+03,6.9709468e+00,0,nan,nan,nan,nan,309.14457,3.5959098e-03,1513.11336,3.6303448e-03,7.6489714e-03,-3.7346195e-02
0.07446315840934395,0.9909544904099425,0.005893537359675303,2445.413445158498,1.5296926e-03,876929,309.14527,1513.11733,9.8863086e+02,5.3520131e+00,6.3536182e+02,2.2797616e+00,1.1749359e+03,6.9877367e+00,0,nan,nan,nan,nan,309.14527,3.6226462e-03,1513.11733,3.6617676e-03,5.0724219e-03,-3.5795428e-02
0.07585206687417659,0.9981948689392232,0.005878977717329021,2445.4148340669626,1.5297128e-03,876930,309.14379,1513.11215,9.9492145e+02,5.3384204e+00,6.3404999e+02,2.2706461e+00,1.1834386e+03,6.9699903e+00,0,nan,nan,nan,nan,309.14379,3.5918995e-03,1513.11215,3.6302682e-03,5.8453163e-04,-3.9436709e-02
0.0772409754558793,0.9983700195848203,0.005888096394957514,2445.4162229755443,1.5297332e-03,876931,309.14667,1513.11440,9.9477344e+02,5.3462882e+00,6.3460211e+02,2.2747948e+00,1.1835548e+03,6.9802623e+00,0,nan,nan,nan,nan,309.14667,3.5973345e-03,1513.11440,3.6345560e-03,5.1756045e-03,-3.2238748e-02
0.07862988392207618,1.006981539028444,0.0058898667542840386,2445.4176118840105,1.5297534e-03,876932,309.14650,1513.11376,1.0027105e+03,5.3474422e+00,6.3073798e+02,2.2751153e+00,1.1936622e+03,6.9817686e+00,0,nan,nan,nan,nan,309.14650,3.5766086e-03,1513.11376,3.6061306e-03,6.1698951e-04,-3.8343556e-02
0.08001879250514313,1.0044353648444113,0.0058933384461935245,2445.4190007925936,1.5297738e-03,876933,309.15214,1513.11086,1.0003126e+03,5.3501005e+00,6.3742834e+02,2.2749500e+00,1.1905344e+03,6.9852400e+00,0,nan,nan,nan,nan,309.15214,3.5756719e-03,1513.11086,3.6211875e-03,6.8035764e-03,-3.1599231e-02
0.08140770108684584,0.9954692005819361,0.005880565895625443,2445.4203897011753,1.5297942e-03,876934,309.14164,1513.11231,9.9236572e+02,5.3379769e+00,6.3417493e+02,2.2732203e+00,1.1797902e+03,6.9694109e+00,0,nan,nan,nan,nan,309.14164,3.6040826e-03,1513.11231,3.6470878e-03,1.9571835e-03,-4.0359814e-02
0.08279660955213322,0.9971434165707448,0.005884843805416825,2445.4217786096406,1.5298144e-03,876935,309.14879,1513.11434,9.9342767e+02,5.3412962e+00,6.3383099e+02,2.2740626e+00,1.1816497e+03,6.9737449e+00,0,nan,nan,nan,nan,309.14879,3.5979834e-03,1513.11434,3.6368712e-03,5.9035900e-03,-3.2412071e-02
0.08418551813429068,0.9997739812608857,0.005886748266176454,2445.4231675182227,1.5298348e-03,876936,309.14371,1513.11674,9.9598053e+02,5.3424301e+00,6.3445990e+02,2.2732511e+00,1.1846349e+03,6.9752245e+00,0,nan,nan,nan,nan,309.14371,3.5905554e-03,1513.11674,3.6250451e-03,3.1717825e-03,-3.6800768e-02
0.08557442660003281,0.9862322533367156,0.005876536863905211,2445.4245564266885,1.5298551e-03,876937,309.14989,1513.11218,9.8363879e+02,5.3325381e+00,6.3616638e+02,2.2772801e+00,1.1684525e+03,6.9623098e+00,0,nan,nan,nan,nan,309.14989,3.6242602e-03,1513.11218,3.6676477e-03,7.2035734e-03,-3.6593430e-02
0.08696333518219027,0.9989934459289357,0.005886110187746936,2445.4259453352706,1.5298754e-03,876938,309.14537,1513.11849,9.9458075e+02,5.3405733e+00,6.3078394e+02,2.2724452e+00,1.1834270e+03,6.9728003e+00,0,nan,nan,nan,nan,309.14537,3.6022465e-03,1513.11849,3.6266248e-03,7.8928878e-04,-3.1913240e-02
0.08835224376343823,1.0065349701715836,0.005901589270423046,2445.427334243852,1.5298958e-03,876939,309.15238,1513.10932,1.0018622e+03,5.3539391e+00,6.3538397e+02,2.2733779e+00,1.1922098e+03,6.9902511e+00,0,nan,nan,nan,nan,309.15238,3.5827367e-03,1513.10932,3.6168566e-03,4.5312345e-03,-3.9327689e-02
0.08974115222918036,0.9984000119474392,0.005892331302613564,2445.4287231523176,1.5299161e-03,876940,309.15078,1513.10945,9.9402454e+02,5.3448420e+00,6.3828033e+02,2.2739766e+00,1.1824197e+03,6.9783740e+00,0,nan,nan,nan,nan,309.15078,3.5980484e-03,1513.10945,3.6368701e-03,6.5558422e-03,-3.2694936e-02
0.09113006081224731,1.0006894902826295,0.005895815141889786,2445.4301120609007,1.5299364e-03,876941,309.15163,1513.11187,9.9621704e+02,5.3472848e+00,6.3381110e+02,2.2797377e+00,1.1849722e+03,6.9815631e+00,0,nan,nan,nan,nan,309.15163,3.5948022e-03,1513.11187,3.6324169e-03,3.3183526e-03,-3.9066553e-02
0.0925189692775347,1.0057604158877247,0.0058963253494759196,2445.431500969366,1.5299567e-03,876942,309.14478,1513.11711,1.0006260e+03,5.3470144e+00,6.3599005e+02,2.2746809e+00,1.1908137e+03,6.9812102e+00,0,nan,nan,nan,nan,309.14478,3.5805935e-03,1513.11711,3.6139663e-03,2.0923300e-03,-3.4304760e-02
0.0939078778592374,0.9957814484335958,0.005892103967575962,2445.4328898779477,1.5299771e-03,876943,309.14621,1513.10890,9.9139038e+02,5.3424416e+00,6.3682123e+02,2.2743716e+00,1.1788344e+03,6.9752402e+00,0,nan,nan,nan,nan,309.14621,3.6022034e-03,1513.10890,3.6419160e-03,1.2744937e-04,-3.7119281e-02
0.09529678632497954,0.998332208140197,0.00589371530056095,2445.4342787864134,1.5299973e-03,876944,309.14553,1513.11942,9.9377466e+02,5.3431492e+00,6.3525470e+02,2.2767546e+00,1.1816873e+03,6.9761634e+00,0,nan,nan,nan,nan,309.14553,3.5978644e-03,1513.11942,3.6216504e-03,3.6166965e-03,-3.4174699e-02
0.096685694907137,1.0029190119037168,0.005895586297455334,2445.4356676949956,1.5300177e-03,876945,309.15173,1513.11567,9.9754858e+02,5.3440857e+00,6.3406287e+02,2.2730820e+00,1.1869478e+03,6.9773865e+00,0,nan,nan,nan,nan,309.15173,3.5841472e-03,1513.11567,3.6269201e-03,1.0201036e-02,-3.3791061e-02
0.09807460337287913,1.0022760121174181,0.005909872361980513,2445.4370566034613,1.5300380e-03,876946,309.14548,1513.11370,9.9674316e+02,5.3562708e+00,6.3683911e+02,2.2785716e+00,1.1860177e+03,6.9932961e+00,0,nan,nan,nan,nan,309.14548,3.6076470e-03,1513.11370,3.6323797e-03,1.6407315e-03,-3.1398211e-02
0.09946351195412709,0.99719897338213,0.005895484274219478,2445.4384455120426,1.5300583e-03,876947,309.14936,1513.11190,9.9239374e+02,5.3424702e+00,6.3408258e+02,2.2801855e+00,1.1798418e+03,6.9752774e+00,0,nan,nan,nan,nan,309.14936,3.5988856e-03,1513.11190,3.6443719e-03,7.0753079e-03,-4.0115375e-02
0.10085242053628454,0.9980838941943398,0.0059065850027494975,2445.4398344206247,1.5300787e-03,876948,309.14257,1513.11724,9.9254877e+02,5.3517718e+00,6.3557990e+02,2.2770452e+00,1.1807217e+03,6.9874215e+00,0,nan,nan,nan,nan,309.14257,3.6244900e-03,1513.11724,3.6471882e-03,8.2073556e-03,-3.1455949e-02
0.10224132900293617,0.996355053607346,0.005895593676537908,2445.4412233290914,1.5300990e-03,876949,309.14588,1513.11186,9.9138757e+02,5.3410645e+00,6.3761639e+02,2.2778952e+00,1.1785115e+03,6.9734421e+00,0,nan,nan,nan,nan,309.14588,3.6048479e-03,1513.11186,3.6363273e-03,7.4196425e-03,-3.6436938e-02
0.10363023758509363,0.9960737986374852,0.005900577559856913,2445.4426122376735,1.5301193e-03,876950,309.14810,1513.12187,9.9066760e+02,5.3448429e+00,6.3070673e+02,2.2752061e+00,1.1780164e+03,6.9783754e+00,0,nan,nan,nan,nan,309.14810,3.6206434e-03,1513.12187,3.6497689e-03,7.3235556e-03,-3.3042081e-02
0.10501914604992627,0.9937034694382378,0.0058938072739829084,2445.4440011461384,1.5301396e-03,876951,309.15090,1513.11388,9.8850452e+02,5.3379898e+00,6.3887634e+02,2.2768052e+00,1.1750544e+03,6.9694281e+00,0,nan,nan,nan,nan,309.15090,3.6162010e-03,1513.11388,3.6483151e-03,9.1101574e-03,-3.1364810e-02
0.10640805463208372,1.0089172252160417,0.005903448568166746,2445.4453900547205,1.5301600e-03,876952,309.14617,1513.11463,1.0021126e+03,5.3460188e+00,6.3356927e+02,2.2711506e+00,1.1928879e+03,6.9799109e+00,0,nan,nan,nan,nan,309.14617,3.5711736e-03,1513.11463,3.6096761e-03,4.2787772e-03,-3.6992334e-02
0.10779696309782585,0.9973220446599765,0.005900107646476604,2445.4467789631863,1.5301802e-03,876953,309.14989,1513.11574,9.9160614e+02,5.3423142e+00,6.3645868e+02,2.2779884e+00,1.1790284e+03,6.9750738e+00,0,nan,nan,nan,nan,309.14989,3.6085481e-03,1513.11574,3.6447453e-03,6.6275410e-03,-3.4669712e-02
0.10918587167998331,1.0100030044716735,0.005908521149782573,2445.4481678717684,1.5302006e-03,876954,309.14896,1513.11792,1.0029189e+03,5.3492789e+00,6.3690936e+02,2.2770185e+00,1.1938738e+03,6.9841666e+00,0,nan,nan,nan,nan,309.14896,3.5716705e-03,1513.11792,3.6052139e-03,2.8507125e-03,-3.1881686e-02
0.11057478026214076,0.994177439878419,0.005903143770115213,2445.4495567803506,1.5302210e-03,876955,309.14479,1513.11386,9.8818384e+02,5.3437867e+00,6.3977234e+02,2.2784724e+00,1.1750302e+03,6.9769959e+00,0,nan,nan,nan,nan,309.14479,3.6198243e-03,1513.11386,3.6571065e-03,6.8960115e-03,-3.4449354e-02
0.1119636887278829,1.001177176459201,0.005903172523647536,2445.4509456888163,1.5302412e-03,876956,309.14108,1513.11753,9.9490039e+02,5.3432226e+00,6.3617755e+02,2.2757897e+00,1.1831726e+03,6.9762597e+00,0,nan,nan,nan,nan,309.14108,3.5919182e-03,1513.11753,3.6327562e-03,4.9264589e-03,-3.7544277e-02
0.11335259731004035,1.0049754424845438,0.005903085784985255,2445.4523345973985,1.5302616e-03,876957,309.14661,1513.11936,9.9783478e+02,5.3425913e+00,6.3239636e+02,2.2709489e+00,1.1875385e+03,6.9754353e+00,0,nan,nan,nan,nan,309.14661,3.5866790e-03,1513.11936,3.6211647e-03,-5.9478683e-03,-2.6578341e-02
0.11474150577623723,1.0031531810759844,0.005908424403220385,2445.4537235058647,1.5302819e-03,876958,309.14539,1513.11245,9.9677515e+02,5.3469105e+00,6.3094928e+02,2.2729886e+00,1.1852715e+03,6.9810743e+00,0,nan,nan,nan,nan,309.14539,3.5855765e-03,1513.11245,3.6256660e-03,-1.6537379e-03,-4.2474490e-02
0.11613041435839469,1.0010637143904437,0.005905766431845022,2445.455112414447,1.5303022e-03,876959,309.14874,1513.11959,9.9428918e+02,5.3440371e+00,6.3299078e+02,2.2744930e+00,1.1826990e+03,6.9773226e+00,0,nan,nan,nan,nan,309.14874,3.5971112e-03,1513.11959,3.6329632e-03,6.4740917e-03,-3.2689601e-02
0.11751932282322733,1.0000505510654607,0.005925298871906128,2445.4565013229117,1.5303225e-03,876960,309.14665,1513.10860,9.9358807e+02,5.3612885e+00,6.3651300e+02,2.2788227e+00,1.1814089e+03,6.9998469e+00,0,nan,nan,nan,nan,309.14665,3.6119954e-03,1513.10860,3.6543815e-03,7.8675766e-03,-4.2068906e-02
0.11890823140493004,0.9892291844545994,0.00589886766526522,2445.4578902314934,1.5303429e-03,876961,309.14838,1513.11719,9.8343439e+02,5.3370032e+00,6.3788202e+02,2.2758374e+00,1.1685441e+03,6.9681392e+00,0,nan,nan,nan,nan,309.14838,3.6311983e-03,1513.11719,3.6708796e-03,4.8297984e-03,-3.1234805e-02
0.12029713987158167,0.9945803230188064,0.005913002628627001,2445.45927913996,1.5303631e-03,876962,309.14479,1513.11106,9.8874280e+02,5.3494744e+00,6.3678662e+02,2.2777948e+00,1.1747954e+03,6.9844217e+00,0,nan,nan,nan,nan,309.14479,3.6320745e-03,1513.11106,3.6627718e-03,2.3588238e-03,-4.1320954e-02
0.12168604845373912,0.9982650869593075,0.005907846935081878,2445.460668048542,1.5303835e-03,876963,309.14662,1513.12097,9.9142236e+02,5.3445487e+00,6.3513281e+02,2.2741420e+00,1.1790903e+03,6.9779911e+00,0,nan,nan,nan,nan,309.14662,3.6115323e-03,1513.12097,3.6424990e-03,6.6543161e-03,-2.9240347e-02
0.12307495703498708,1.0076355705302487,0.005912878915190394,2445.4620569571234,1.5304039e-03,876964,309.14579,1513.11000,1.0003058e+03,5.3488994e+00,6.3541339e+02,2.2769723e+00,1.1901133e+03,6.9836717e+00,0,nan,nan,nan,nan,309.14579,3.5747027e-03,1513.11000,3.6165349e-03,3.3437738e-03,-4.3511230e-02
0.12446386550072921,1.0053532837034858,0.005906456169805627,2445.463445865589,1.5304241e-03,876965,309.15080,1513.12419,9.9804877e+02,5.3429499e+00,6.3101843e+02,2.2736089e+00,1.1873866e+03,6.9759035e+00,0,nan,nan,nan,nan,309.15080,3.5863854e-03,1513.12419,3.6242888e-03,7.2595808e-03,-2.9589551e-02
0.12585277408379617,1.0013478545530967,0.005908290587812138,2445.4648347741722,1.5304445e-03,876966,309.14847,1513.10646,9.9476379e+02,5.3445339e+00,6.3563947e+02,2.2728903e+00,1.1826394e+03,6.9779720e+00,0,nan,nan,nan,nan,309.14847,3.5949638e-03,1513.10646,3.6475933e-03,1.0515813e-03,-4.1508522e-02
0.12724168254908355,1.001004066001157,0.005903064317139121,2445.4662236826375,1.5304647e-03,876967,309.14301,1513.12089,9.9403186e+02,5.3397980e+00,6.3234747e+02,2.2749979e+00,1.1822314e+03,6.9717884e+00,0,nan,nan,nan,nan,309.14301,3.5993070e-03,1513.12089,3.6340342e-03,8.1936456e-03,-3.3128124e-02
0.1286305911303315,0.9972481289878169,0.0059131231881730095,2445.4676125912188,1.5304851e-03,876968,309.14488,1513.11348,9.9064294e+02,5.3489571e+00,6.3569458e+02,2.2798357e+00,1.1778087e+03,6.9837465e+00,0,nan,nan,nan,nan,309.14488,3.6151300e-03,1513.11348,3.6552714e-03,3.0000708e-03,-3.9513893e-02
0.13001949959607365,0.9938356017567498,0.005909358474640002,2445.4690014996845,1.5305054e-03,876969,309.14239,1513.11574,9.8745856e+02,5.3456812e+00,6.4002698e+02,2.2817340e+00,1.1738069e+03,6.9794698e+00,0,nan,nan,nan,nan,309.14239,3.6213293e-03,1513.11574,3.6544208e-03,5.5495077e-03,-3.3272997e-02
0.13140840817868585,1.0029884035304473,0.005901456620186626,2445.470390408267,1.5305257e-03,876970,309.15283,1513.11676,9.9590167e+02,5.3387341e+00,6.3359534e+02,2.2739506e+00,1.1846619e+03,6.9703999e+00,0,nan,nan,nan,nan,309.15283,3.5873950e-03,1513.11676,3.6272327e-03,5.5959364e-03,-3.5802227e-02
0.13279731664442798,1.0065521974148957,0.005900320789338293,2445.471779316733,1.5305460e-03,876971,309.14879,1513.11756,9.9949719e+02,5.3379807e+00,6.2626392e+02,2.2683470e+00,1.1889321e+03,6.9694161e+00,0,nan,nan,nan,nan,309.14879,3.5787604e-03,1513.11756,3.6111947e-03,3.5844368e-03,-3.6920071e-02
0.13418622522567594,0.9937736598552026,0.005894474628013799,2445.473168225314,1.5305664e-03,876972,309.14555,1513.11410,9.8786572e+02,5.3330388e+00,6.3435107e+02,2.2725818e+00,1.1739147e+03,6.9629636e+00,0,nan,nan,nan,nan,309.14555,3.6104040e-03,1513.11410,3.6471616e-03,5.7404595e-03,-3.7368577e-02
0.13557513369141808,1.0048355632597012,0.005911287568686261,2445.47455713378,1.5305866e-03,876973,309.15066,1513.11401,9.9777759e+02,5.3486719e+00,6.3628186e+02,2.2748811e+00,1.1870754e+03,6.9833751e+00,0,nan,nan,nan,nan,309.15066,3.5869025e-03,1513.11401,3.6240616e-03,6.4022904e-03,-3.1985771e-02
0.13696404227448503,0.9962366929975354,0.005914295092594032,2445.475946042363,1.5306070e-03,876974,309.14269,1513.11340,9.9033557e+02,5.3518906e+00,6.3732715e+02,2.2790730e+00,1.1770262e+03,6.9875770e+00,0,nan,nan,nan,nan,309.14269,3.6210953e-03,1513.11340,3.6598523e-03,1.1331751e-03,-4.2877238e-02
0.1383529507397724,1.0041169327071484,0.005911061220892652,2445.477334950828,1.5306273e-03,876975,309.14361,1513.12326,9.9717651e+02,5.3495340e+00,6.3928833e+02,2.2794011e+00,1.1864630e+03,6.9844999e+00,0,nan,nan,nan,nan,309.14361,3.5864373e-03,1513.12326,3.6297655e-03,5.3206803e-03,-2.8783916e-02
0.13974185932147512,1.0051708432347242,0.005905997945296096,2445.47872385941,1.5306476e-03,876976,309.14025,1513.10887,9.9850549e+02,5.3455944e+00,6.3419397e+02,2.2734396e+00,1.1878511e+03,6.9793568e+00,0,nan,nan,nan,nan,309.14025,3.5848981e-03,1513.10887,3.6217298e-03,4.4237128e-03,-4.1991998e-02
0.14113076790363258,0.9836441756587125,0.005885378721713919,2445.480112767992,1.5306680e-03,876977,309.14223,1513.11614,9.7878473e+02,5.3276439e+00,6.3779956e+02,2.2760634e+00,1.1625674e+03,6.9559193e+00,0,nan,nan,nan,nan,309.14223,3.6405406e-03,1513.11614,3.6767598e-03,3.7540470e-03,-3.0476229e-02
0.1425196763693747,1.0047055150945146,0.005908691317433084,2445.481501676458,1.5306883e-03,876978,309.15212,1513.11658,9.9836664e+02,5.3495312e+00,6.3691138e+02,2.2754962e+00,1.1876342e+03,6.9844971e+00,0,nan,nan,nan,nan,309.15212,3.5922399e-03,1513.11658,3.6234288e-03,2.0942159e-03,-3.7987586e-02
0.14390858495153216,1.0063499470760302,0.005901300681423032,2445.48289058504,1.5307086e-03,876979,309.14639,1513.11513,9.9995050e+02,5.3436928e+00,6.3380292e+02,2.2729695e+00,1.1897676e+03,6.9768739e+00,0,nan,nan,nan,nan,309.14639,3.5811714e-03,1513.11513,3.6115523e-03,3.1609288e-03,-3.6402911e-02
0.1452974934172743,1.0026252629014603,0.0058959804670660485,2445.4842794935057,1.5307289e-03,876980,309.14830,1513.11377,9.9667804e+02,5.3397918e+00,6.3039410e+02,2.2715628e+00,1.1855676e+03,6.9717808e+00,0,nan,nan,nan,nan,309.14830,3.5853283e-03,1513.11377,3.6231533e-03,6.7143277e-03,-3.5662234e-02
0.14668640199943175,1.0035070724013657,0.005898338369488175,2445.485668402088,1.5307493e-03,876981,309.14089,1513.11993,9.9739691e+02,5.3429065e+00,6.3375299e+02,2.2743335e+00,1.1868278e+03,6.9758468e+00,0,nan,nan,nan,nan,309.14089,3.5878939e-03,1513.11993,3.6185305e-03,1.6668063e-03,-3.4465272e-02
0.1480753104651739,0.9974659830547685,0.005895625827431444,2445.4870573105536,1.5307695e-03,876982,309.14534,1513.10910,9.9229633e+02,5.3414865e+00,6.3659436e+02,2.2744875e+00,1.1799121e+03,6.9739928e+00,0,nan,nan,nan,nan,309.14534,3.6047699e-03,1513.10910,3.6422261e-03,3.8769050e-03,-3.8282864e-02
0.1494642190468766,1.0006868687090953,0.0059031289853195236,2445.4884462191353,1.5307899e-03,876983,309.14734,1513.11358,9.9518433e+02,5.3493762e+00,6.3468213e+02,2.2782793e+00,1.1839639e+03,6.9842939e+00,0,nan,nan,nan,nan,309.14734,3.6012582e-03,1513.11358,3.6345958e-03,5.8607534e-03,-3.3484206e-02
0.15085312751261873,1.0052924849523162,0.005894471639445443,2445.489835127601,1.5308101e-03,876984,309.15052,1513.10698,1.0000299e+03,5.3426700e+00,6.3175635e+02,2.2693446e+00,1.1896666e+03,6.9755383e+00,0,nan,nan,nan,nan,309.15052,3.5705771e-03,1513.10698,3.6190972e-03,5.1639504e-03,-3.6619563e-02
0.15224203609477618,0.9973585842506592,0.005889928049622835,2445.491224036183,1.5308305e-03,876985,309.14771,1513.11443,9.9288647e+02,5.3397331e+00,6.3549103e+02,2.2734106e+00,1.1805388e+03,6.9717035e+00,0,nan,nan,nan,nan,309.14771,3.5947789e-03,1513.11443,3.6353094e-03,5.6350781e-03,-3.6498256e-02
0.15363094456006357,0.9954175911207221,0.005887267666801912,2445.4926129446485,1.5308508e-03,876986,309.14401,1513.11457,9.9087439e+02,5.3385382e+00,6.3398444e+02,2.2750454e+00,1.1785100e+03,6.9701438e+00,0,nan,nan,nan,nan,309.14401,3.6090948e-03,1513.11457,3.6461412e-03,2.0195849e-03,-3.2414272e-02
0.15501985314222103,0.9978714624339796,0.005889973801411109,2445.4940018532307,1.5308711e-03,876987,309.14842,1513.10862,9.9374487e+02,5.3422394e+00,6.3500012e+02,2.2734935e+00,1.1816909e+03,6.9749756e+00,0,nan,nan,nan,nan,309.14842,3.6001478e-03,1513.10862,3.6386745e-03,1.2441083e-03,-3.5066742e-02
0.15640876160796316,0.9996379474786483,0.005892129879212909,2445.4953907616964,1.5308914e-03,876988,309.15153,1513.10718,9.9567236e+02,5.3454628e+00,6.3426141e+02,2.2794776e+00,1.1840638e+03,6.9791846e+00,0,nan,nan,nan,nan,309.15153,3.5879747e-03,1513.10718,3.6351380e-03,5.2821087e-03,-4.2180773e-02
0.15779767019012061,1.0003914890498373,0.005888961356195952,2445.4967796702786,1.5309118e-03,876989,309.14341,1513.10930,9.9637720e+02,5.3438687e+00,6.3423755e+02,2.2731023e+00,1.1852404e+03,6.9771032e+00,0,nan,nan,nan,nan,309.14341,3.5887365e-03,1513.10930,3.6245845e-03,3.7525850e-03,-3.7516303e-02
0.15918657865586275,0.998102697546681,0.005885267614819625,2445.4981685787443,1.5309320e-03,876990,309.14490,1513.11689,9.9446539e+02,5.3417988e+00,6.3458850e+02,2.2753534e+00,1.1828125e+03,6.9744005e+00,0,nan,nan,nan,nan,309.14490,3.5961343e-03,1513.11689,3.6321625e-03,5.5088522e-03,-3.4429230e-02
0.16057548723756546,0.9927516049083726,0.005880491537156386,2445.499557487326,1.5309524e-03,876991,309.14765,1513.12050,9.8988812e+02,5.3387370e+00,6.3483417e+02,2.2751646e+00,1.1767518e+03,6.9704032e+00,0,nan,nan,nan,nan,309.14765,3.6120324e-03,1513.12050,3.6474534e-03,4.3062158e-03,-3.3680197e-02
0.1619643957033076,0.9979935652354982,0.0058865782347138195,2445.5009463957917,1.5309727e-03,876992,309.14571,1513.11041,9.9483521e+02,5.3455181e+00,6.3703796e+02,2.2783563e+00,1.1832433e+03,6.9792571e+00,0,nan,nan,nan,nan,309.14571,3.5961189e-03,1513.11041,3.6311198e-03,3.3087893e-03,-3.7377331e-02
0.16335330428546505,1.001477584774059,0.005902256026080305,2445.502335304374,1.5309930e-03,876993,309.14603,1513.11593,9.9818555e+02,5.3609815e+00,6.3659564e+02,2.2825797e+00,1.1876456e+03,6.9994459e+00,0,nan,nan,nan,nan,309.14603,3.5938621e-03,1513.11593,3.6386170e-03,3.4932268e-03,-3.3009268e-02
0.16474221275075243,1.007754466294252,0.005898558437631505,2445.503724212839,1.5310133e-03,876994,309.14281,1513.11985,1.0042251e+03,5.3588033e+00,6.3362549e+02,2.2745376e+00,1.1953527e+03,6.9966025e+00,0,nan,nan,nan,nan,309.14281,3.5663892e-03,1513.11985,3.6124333e-03,6.2567564e-03,-3.7852280e-02
0.16613112133381938,0.9998022678601873,0.005877335472720068,2445.5051131214223,1.5310337e-03,876995,309.14505,1513.11430,9.9687640e+02,5.3406386e+00,6.3479883e+02,2.2724321e+00,1.1861681e+03,6.9728866e+00,0,nan,nan,nan,nan,309.14505,3.5859488e-03,1513.11430,3.6238353e-03,7.3605105e-03,-3.1000147e-02
