time,flux,flux_err,time_original,timecorr,cadenceno,centroid_col,centroid_row,sap_flux,sap_flux_err,sap_bkg,sap_bkg_err,pdcsap_flux,pdcsap_flux_err,quality,psf_centr1,psf_centr1_err,psf_centr2,psf_centr2_err,mom_centr1,mom_centr1_err,mom_centr2,mom_centr2_err,pos_corr1,pos_corr2
-0.5366636189783094,0.9980289610330163,0.0016300859618699247,2601.1142163812005,-4.0251887e-04,989035,231.58782,1461.21952,6.6263428e+03,1.0450384e+01,1.0381158e+03,3.9020531e+00,7.1012910e+03,1.1598577e+01,0,nan,nan,nan,nan,231.58782,1.1255773e-03,1461.21952,1.1613329e-03,-2.6070334e-02,-7.1487360e-02
-0.5352747316615023,0.9997547577194804,0.0016308010142306538,2601.1156052685174,-4.0251983e-04,989036,231.58854,1461.22490,6.6351865e+03,1.0454768e+01,1.0371898e+03,3.8963170e+00,7.1134346e+03,1.1603442e+01,0,nan,nan,nan,nan,231.58854,1.1257115e-03,1461.22490,1.1610934e-03,-2.5373539e-02,-6.5112218e-02
-0.5338858443733443,1.0001366532316096,0.0016306702702913432,2601.1169941558055,-4.0252082e-04,989037,231.59242,1461.22678,6.6389814e+03,1.0453731e+01,1.0323027e+03,3.8918395e+00,7.1160161e+03,1.1602290e+01,0,nan,nan,nan,nan,231.59242,1.1235684e-03,1461.22678,1.1591993e-03,-1.8254442e-02,-6.2858321e-02
-0.532496957085641,0.9989488351861081,0.001631241210341866,2601.118383043093,-4.0252181e-04,989038,231.58452,1461.22085,6.6299287e+03,1.0457191e+01,1.0392229e+03,3.8977466e+00,7.1074292e+03,1.1606132e+01,0,nan,nan,nan,nan,231.58452,1.1267541e-03,1461.22085,1.1620617e-03,-2.7993249e-02,-7.0907325e-02
-0.5311080697701982,0.9995923026382622,0.0016292486279125898,2601.1197719304087,-4.0252277e-04,989039,231.59153,1461.23114,6.6333130e+03,1.0444220e+01,1.0324980e+03,3.8871129e+00,7.1118726e+03,1.1591735e+01,0,nan,nan,nan,nan,231.59153,1.1242767e-03,1461.23114,1.1619915e-03,-2.0514671e-02,-5.8068398e-02
-0.5297191824824949,0.9993936948549013,0.0016298413563723888,2601.1211608176964,-4.0252376e-04,989040,231.58079,1461.21037,6.6314863e+03,1.0447821e+01,1.0397150e+03,3.8903875e+00,7.1103252e+03,1.1595732e+01,0,nan,nan,nan,nan,231.58079,1.1262675e-03,1461.21037,1.1606505e-03,-3.3702239e-02,-8.5348882e-02
-0.5283302951656879,1.0030752305082662,0.0016317346848361582,2601.122549705013,-4.0252472e-04,989041,231.59091,1461.22487,6.6561641e+03,1.0459760e+01,1.0338833e+03,3.8868370e+00,7.1363828e+03,1.1608983e+01,0,nan,nan,nan,nan,231.59091,1.1210199e-03,1461.22487,1.1583101e-03,-2.3439893e-02,-6.6153854e-02
-0.5269414078793488,0.9978188650273287,0.0016295642817906561,2601.1239385922995,-4.0252571e-04,989042,231.59023,1461.22236,6.6246943e+03,1.0445651e+01,1.0387073e+03,3.8923733e+00,7.0988530e+03,1.1593324e+01,0,nan,nan,nan,nan,231.59023,1.1248448e-03,1461.22236,1.1626808e-03,-2.3216814e-02,-6.6408776e-02
-0.5255525205921003,1.0006906801448254,0.0016312526137550103,2601.1253274795868,-4.0252670e-04,989043,231.58380,1461.22016,6.6407124e+03,1.0456277e+01,1.0375745e+03,3.8957644e+00,7.1191504e+03,1.1605117e+01,0,nan,nan,nan,nan,231.58380,1.1251705e-03,1461.22016,1.1591972e-03,-3.0782592e-02,-7.0926242e-02
-0.524163633275748,0.997886574117675,0.0016305033223597042,2601.126716366903,-4.0252766e-04,989044,231.58526,1461.22165,6.6228892e+03,1.0451279e+01,1.0434026e+03,3.9002986e+00,7.0990684e+03,1.1599569e+01,0,nan,nan,nan,nan,231.58526,1.1266774e-03,1461.22165,1.1625019e-03,-2.7014697e-02,-7.0478819e-02
-0.5227747459884995,0.998953522374365,0.0016299347597369342,2601.1281052541904,-4.0252865e-04,989045,231.58617,1461.22025,6.6304233e+03,1.0447439e+01,1.0338385e+03,3.8941922e+00,7.1065264e+03,1.1595308e+01,0,nan,nan,nan,nan,231.58617,1.1254695e-03,1461.22025,1.1608732e-03,-2.7171843e-02,-7.2090872e-02
-0.5213858586730566,0.9996269388804895,0.0016320088032074113,2601.129494141506,-4.0252961e-04,989046,231.58887,1461.22277,6.6341001e+03,1.0460538e+01,1.0414436e+03,3.9045544e+00,7.1111846e+03,1.1609846e+01,0,nan,nan,nan,nan,231.58887,1.1246447e-03,1461.22277,1.1615307e-03,-2.4834847e-02,-6.6683099e-02
-0.5199969713562496,0.9995942057957631,0.0016294129681719677,2601.1308830288226,-4.0253057e-04,989047,231.58978,1461.22706,6.6320894e+03,1.0443706e+01,1.0318094e+03,3.8882182e+00,7.1108193e+03,1.1591165e+01,0,nan,nan,nan,nan,231.58978,1.1248051e-03,1461.22706,1.1601229e-03,-2.1580491e-02,-6.1613601e-02
-0.5186080840685463,0.9964920566239357,0.0016304236476226324,2601.1322719161103,-4.0253156e-04,989048,231.58617,1461.21876,6.6143276e+03,1.0449990e+01,1.0412301e+03,3.9000499e+00,7.0886201e+03,1.1598140e+01,0,nan,nan,nan,nan,231.58617,1.1282597e-03,1461.21876,1.1647838e-03,-2.8184177e-02,-7.4995324e-02
-0.517219196752194,0.9985510641263072,0.001629845983449785,2601.1336608034267,-4.0253252e-04,989049,231.58556,1461.21907,6.6260996e+03,1.0446095e+01,1.0381317e+03,3.8930669e+00,7.1031362e+03,1.1593817e+01,0,nan,nan,nan,nan,231.58556,1.1256790e-03,1461.21907,1.1616712e-03,-3.0248197e-02,-7.2255701e-02
-0.5158303094349321,0.9976463711965932,0.001629538106082878,2601.135049690744,-4.0253348e-04,989050,231.58634,1461.22352,6.6220400e+03,1.0443930e+01,1.0349708e+03,3.8953242e+00,7.0965698e+03,1.1591413e+01,0,nan,nan,nan,nan,231.58634,1.1261699e-03,1461.22352,1.1605774e-03,-2.6039517e-02,-6.7470416e-02
-0.5144414221476836,0.9980784801756792,0.001629066589340085,2601.136438578031,-4.0253447e-04,989051,231.58584,1461.22125,6.6228179e+03,1.0440716e+01,1.0398129e+03,3.8908367e+00,7.0995132e+03,1.1587846e+01,0,nan,nan,nan,nan,231.58584,1.1245138e-03,1461.22125,1.1604286e-03,-2.7845422e-02,-7.1743332e-02
-0.5130525348313313,0.9983639710738186,0.0016299976063057966,2601.1378274653475,-4.0253543e-04,989052,231.59127,1461.22427,6.6252671e+03,1.0446491e+01,1.0366049e+03,3.8929677e+00,7.1014141e+03,1.1594256e+01,0,nan,nan,nan,nan,231.59127,1.1263754e-03,1461.22427,1.1628332e-03,-2.2743160e-02,-6.7475647e-02
-0.511663647514979,0.9992164754645569,0.0016298104647294713,2601.139216352664,-4.0253639e-04,989053,231.58432,1461.21735,6.6294082e+03,1.0445101e+01,1.0351727e+03,3.8881347e+00,7.1073477e+03,1.1592713e+01,0,nan,nan,nan,nan,231.58432,1.1254359e-03,1461.21735,1.1601634e-03,-3.1346470e-02,-7.3988624e-02
-0.5102747602277304,1.0022919888937856,0.0016314897223636052,2601.140605239951,-4.0253738e-04,989054,231.58934,1461.22665,6.6504292e+03,1.0455673e+01,1.0329788e+03,3.8928633e+00,7.1290938e+03,1.1604446e+01,0,nan,nan,nan,nan,231.58934,1.1214664e-03,1461.22665,1.1579742e-03,-2.4629237e-02,-6.1660733e-02
-0.5088858729113781,0.9998733304502476,0.001629926570418969,2601.1419941272675,-4.0253834e-04,989055,231.58624,1461.21601,6.6342075e+03,1.0445466e+01,1.0354929e+03,3.8880701e+00,7.1117617e+03,1.1593118e+01,0,nan,nan,nan,nan,231.58624,1.1253592e-03,1461.21601,1.1582884e-03,-2.7070766e-02,-7.6572217e-02
-0.5074969855950258,1.000227706800486,0.0016310569243734802,2601.143383014584,-4.0253930e-04,989056,231.58977,1461.22724,6.6368740e+03,1.0452520e+01,1.0399476e+03,3.8934913e+00,7.1141533e+03,1.1600947e+01,0,nan,nan,nan,nan,231.58977,1.1250961e-03,1461.22724,1.1597459e-03,-2.4522595e-02,-6.4156882e-02
-0.5061080982786734,1.000032922125225,0.0016307168143278267,2601.1447719019,-4.0254026e-04,989057,231.58349,1461.22295,6.6344331e+03,1.0450151e+01,1.0404253e+03,3.8938153e+00,7.1126396e+03,1.1598319e+01,0,nan,nan,nan,nan,231.58349,1.1250317e-03,1461.22295,1.1582078e-03,-2.9042514e-02,-7.1230911e-02
-0.5047192109632306,1.000885511082654,0.0016307829005711772,2601.1461607892156,-4.0254122e-04,989058,231.58768,1461.22368,6.6404253e+03,1.0450388e+01,1.0359580e+03,3.8927164e+00,7.1185752e+03,1.1598580e+01,0,nan,nan,nan,nan,231.58768,1.1248144e-03,1461.22368,1.1583199e-03,-2.4358423e-02,-6.7329817e-02
-0.5033303236464235,1.0002079108981476,0.0016302938003410808,2601.1475496765324,-4.0254218e-04,989059,231.58363,1461.22198,6.6366943e+03,1.0447065e+01,1.0351864e+03,3.8871644e+00,7.1136284e+03,1.1594893e+01,0,nan,nan,nan,nan,231.58363,1.1250684e-03,1461.22198,1.1601862e-03,-3.0088771e-02,-7.0108853e-02
-0.5019414363296164,1.0011673308242441,0.0016305382774222856,2601.1489385638492,-4.0254314e-04,989060,231.58535,1461.22002,6.6406196e+03,1.0448445e+01,1.0351587e+03,3.8867447e+00,7.1203242e+03,1.1596425e+01,0,nan,nan,nan,nan,231.58535,1.1240053e-03,1461.22002,1.1597440e-03,-2.7938450e-02,-7.2731383e-02
-0.5005525490141736,1.0021144709683667,0.0016328087916997079,2601.1503274511647,-4.0254410e-04,989061,231.59015,1461.22336,6.6478853e+03,1.0462809e+01,1.0359847e+03,3.8963256e+00,7.1269336e+03,1.1612366e+01,0,nan,nan,nan,nan,231.59015,1.1238675e-03,1461.22336,1.1591255e-03,-2.4477933e-02,-6.9180131e-02
-0.4991636616973665,1.0008791954112515,0.0016324044306072014,2601.1517163384815,-4.0254506e-04,989062,231.58467,1461.22385,6.6410249e+03,1.0460031e+01,1.0322935e+03,3.8917339e+00,7.1180215e+03,1.1609283e+01,0,nan,nan,nan,nan,231.58467,1.1243755e-03,1461.22385,1.1607900e-03,-2.7958736e-02,-6.5732263e-02
-0.49777477438010465,1.0015158945610703,0.0016310743048661561,2601.1531052257988,-4.0254602e-04,989063,231.59043,1461.22515,6.6433726e+03,1.0451323e+01,1.0331906e+03,3.8906789e+00,7.1224233e+03,1.1599618e+01,0,nan,nan,nan,nan,231.59043,1.1219730e-03,1461.22515,1.1594610e-03,-2.0765629e-02,-6.4591415e-02
-0.49638588706329756,1.0007822671698043,0.0016312541793751933,2601.1544941131156,-4.0254698e-04,989064,231.58641,1461.22594,6.6386772e+03,1.0452291e+01,1.0389603e+03,3.8945048e+00,7.1170801e+03,1.1600692e+01,0,nan,nan,nan,nan,231.58641,1.1239576e-03,1461.22594,1.1594177e-03,-2.6661364e-02,-6.4337827e-02
-0.4949969997469452,0.998755150050298,0.001629788949039014,2601.155883000432,-4.0254794e-04,989065,231.58306,1461.21782,6.6236636e+03,1.0442718e+01,1.0415272e+03,3.8920023e+00,7.1025391e+03,1.1590068e+01,0,nan,nan,nan,nan,231.58306,1.1264370e-03,1461.21782,1.1607244e-03,-3.0680567e-02,-7.5547636e-02
-0.4936081124305929,0.9992392958441009,0.0016307865718081344,2601.1572718877483,-4.0254890e-04,989066,231.58566,1461.22016,6.6290938e+03,1.0448926e+01,1.0440715e+03,3.8949256e+00,7.1058574e+03,1.1596958e+01,0,nan,nan,nan,nan,231.58566,1.1254046e-03,1461.22016,1.1601162e-03,-2.7982192e-02,-6.9390118e-02
-0.49221922511424054,1.001401781138763,0.0016315796280364867,2601.1586607750646,-4.0254986e-04,989067,231.58824,1461.22044,6.6448359e+03,1.0453823e+01,1.0333547e+03,3.8910818e+00,7.1211104e+03,1.1602394e+01,0,nan,nan,nan,nan,231.58824,1.1232999e-03,1461.22044,1.1569005e-03,-2.3884995e-02,-7.1484156e-02
-0.4908303377978882,0.9986564730833782,0.0016313400277320387,2601.160049662381,-4.0255082e-04,989068,231.58726,1461.22449,6.6248384e+03,1.0452106e+01,1.0417152e+03,3.8959880e+00,7.1014639e+03,1.1600488e+01,0,nan,nan,nan,nan,231.58726,1.1263296e-03,1461.22449,1.1633281e-03,-2.5767628e-02,-6.7409493e-02
-0.48944145048153587,0.9959088738889227,0.0016280398061601998,2601.1614385496973,-4.0255178e-04,989069,231.58802,1461.22313,6.6074517e+03,1.0430779e+01,1.0330323e+03,3.8922615e+00,7.0818022e+03,1.1576818e+01,0,nan,nan,nan,nan,231.58802,1.1259397e-03,1461.22313,1.1625633e-03,-2.6514811e-02,-6.8181455e-02
-0.4880525631656383,1.0006909308165006,0.0016307535737417785,2601.162827437013,-4.0255275e-04,989070,231.58584,1461.22088,6.6368975e+03,1.0447985e+01,1.0323442e+03,3.8886108e+00,7.1156831e+03,1.1595914e+01,0,nan,nan,nan,nan,231.58584,1.1240453e-03,1461.22088,1.1601546e-03,-2.9904272e-02,-7.1985744e-02
-0.4866636758201821,1.002030747105131,0.0016319859858256952,2601.1642163243587,-4.0255368e-04,989071,231.58803,1461.22223,6.6468105e+03,1.0455700e+01,1.0317651e+03,3.8883989e+00,7.1250869e+03,1.1604476e+01,0,nan,nan,nan,nan,231.58803,1.1236125e-03,1461.22223,1.1597138e-03,-2.5577208e-02,-7.1379744e-02
-0.485274788503375,0.999970532327016,0.0016308266196402054,2601.1656052116755,-4.0255464e-04,989072,231.58787,1461.22972,6.6330571e+03,1.0448092e+01,1.0370441e+03,3.8913469e+00,7.1103149e+03,1.1596032e+01,0,nan,nan,nan,nan,231.58787,1.1257277e-03,1461.22972,1.1605987e-03,-2.3192275e-02,-6.2525190e-02
-0.4838859011879322,1.0002631640374695,0.0016324767014997078,2601.166994098991,-4.0255560e-04,989073,231.59021,1461.22428,6.6380923e+03,1.0458483e+01,1.0390599e+03,3.8969781e+00,7.1122729e+03,1.1607565e+01,0,nan,nan,nan,nan,231.59021,1.1238453e-03,1461.22428,1.1606421e-03,-2.1680551e-02,-6.6320598e-02
-0.482497013842476,0.9996053093798898,0.0016308397930561026,2601.1683829863364,-4.0255653e-04,989074,231.58431,1461.22082,6.6292227e+03,1.0447816e+01,1.0406471e+03,3.8910987e+00,7.1074736e+03,1.1595727e+01,0,nan,nan,nan,nan,231.58431,1.1267147e-03,1461.22082,1.1610975e-03,-3.0119739e-02,-6.8689875e-02
-0.48110812652612367,0.9995621666211537,0.001630104414414721,2601.1697718736527,-4.0255749e-04,989075,231.58799,1461.22041,6.6290991e+03,1.0442926e+01,1.0348043e+03,3.8888040e+00,7.1070449e+03,1.1590300e+01,0,nan,nan,nan,nan,231.58799,1.1248585e-03,1461.22041,1.1607483e-03,-2.5770186e-02,-7.0186369e-02
-0.47971923920886184,1.0004382485188676,0.001631709426431678,2601.17116076097,-4.0255845e-04,989076,231.58241,1461.21387,6.6347832e+03,1.0453032e+01,1.0350576e+03,3.8966780e+00,7.1131523e+03,1.1601514e+01,0,nan,nan,nan,nan,231.58241,1.1242498e-03,1461.21387,1.1588301e-03,-3.2299008e-02,-7.8612968e-02
-0.47833035186340567,0.9966488314475261,0.0016279209423353059,2601.1725496483155,-4.0255938e-04,989077,231.59226,1461.22673,6.6118652e+03,1.0428583e+01,1.0285675e+03,3.8880062e+00,7.0860894e+03,1.1574381e+01,0,nan,nan,nan,nan,231.59226,1.1245580e-03,1461.22673,1.1608691e-03,-1.7975772e-02,-5.7950139e-02
-0.4769414645465986,1.0000785526797633,0.0016324336474246178,2601.1739385356323,-4.0256034e-04,989078,231.58078,1461.21640,6.6324478e+03,1.0457315e+01,1.0408914e+03,3.9155128e+00,7.1103540e+03,1.1606269e+01,0,nan,nan,nan,nan,231.58078,1.1255582e-03,1461.21640,1.1596683e-03,-3.1928189e-02,-7.7579759e-02
-0.47555257720068767,1.0011956754300901,0.0016333679821674018,2601.175327422978,-4.0256127e-04,989079,231.58625,1461.22099,6.6401431e+03,1.0463123e+01,1.0439839e+03,3.9000158e+00,7.1181758e+03,1.1612716e+01,0,nan,nan,nan,nan,231.58625,1.1268043e-03,1461.22099,1.1597623e-03,-2.7875498e-02,-7.0887975e-02
-0.4741636898852448,0.99753370090775,0.0016294192894365787,2601.1767163102936,-4.0256223e-04,989080,231.58706,1461.22018,6.6172563e+03,1.0437652e+01,1.0385516e+03,3.8874757e+00,7.0920210e+03,1.1584446e+01,0,nan,nan,nan,nan,231.58706,1.1261927e-03,1461.22018,1.1615600e-03,-2.7345432e-02,-7.1470477e-02
-0.4727748025393339,1.0006704987931634,0.0016305720717293267,2601.1781051976395,-4.0256316e-04,989081,231.58734,1461.22213,6.6379688e+03,1.0444862e+01,1.0321188e+03,3.8857117e+00,7.1142026e+03,1.1592447e+01,0,nan,nan,nan,nan,231.58734,1.1238166e-03,1461.22213,1.1585883e-03,-2.4653299e-02,-6.7033373e-02
-0.4713859152225268,0.9978731164130809,0.0016301003513495389,2601.1794940849563,-4.0256412e-04,989082,231.58986,1461.22737,6.6203901e+03,1.0441666e+01,1.0362157e+03,3.8917069e+00,7.0941958e+03,1.1588900e+01,0,nan,nan,nan,nan,231.58986,1.1265797e-03,1461.22737,1.1626646e-03,-2.3072403e-02,-6.4381570e-02
-0.46999702787798014,0.9983056490987456,0.0016312497568903646,2601.180882972301,-4.0256506e-04,989083,231.59041,1461.21918,6.6213389e+03,1.0448853e+01,1.0418042e+03,3.8971243e+00,7.0971523e+03,1.1596877e+01,0,nan,nan,nan,nan,231.59041,1.1280813e-03,1461.21918,1.1616895e-03,-2.4376424e-02,-7.1094826e-02
-0.4686081405616278,0.9990864331048956,0.001630913702727836,2601.1822718596172,-4.0256602e-04,989084,231.58023,1461.22166,6.6246353e+03,1.0446527e+01,1.0367852e+03,3.8945973e+00,7.1025845e+03,1.1594296e+01,0,nan,nan,nan,nan,231.58023,1.1279499e-03,1461.22166,1.1615437e-03,-3.4190867e-02,-7.3514298e-02
-0.46721925321617164,1.0005167973628513,0.001631578815170279,2601.1836607469627,-4.0256695e-04,989085,231.59168,1461.22458,6.6374277e+03,1.0450614e+01,1.0371910e+03,3.8913941e+00,7.1126353e+03,1.1598831e+01,0,nan,nan,nan,nan,231.59168,1.1243616e-03,1461.22458,1.1584307e-03,-2.2862595e-02,-6.7871831e-02
-0.4658303658998193,0.999774103980226,0.001631690247168991,2601.185049634279,-4.0256791e-04,989086,231.58165,1461.22093,6.6300479e+03,1.0451155e+01,1.0397354e+03,3.8992352e+00,7.1072378e+03,1.1599431e+01,0,nan,nan,nan,nan,231.58165,1.1258301e-03,1461.22093,1.1605000e-03,-3.1504001e-02,-7.1125083e-02
-0.46444147855436313,0.9979702172496732,0.0016299876571024981,2601.1864385216245,-4.0256884e-04,989087,231.58913,1461.22101,6.6194009e+03,1.0440077e+01,1.0343916e+03,3.8909245e+00,7.0942974e+03,1.1587136e+01,0,nan,nan,nan,nan,231.58913,1.1264657e-03,1461.22101,1.1619010e-03,-2.4148285e-02,-6.9653496e-02
-0.46305259120890696,1.001774347059097,0.0016313078219285133,2601.18782740897,-4.0256977e-04,989088,231.59182,1461.22753,6.6423086e+03,1.0448360e+01,1.0332393e+03,3.8903317e+00,7.1212227e+03,1.1596331e+01,0,nan,nan,nan,nan,231.59182,1.1203600e-03,1461.22753,1.1586612e-03,-1.9908158e-02,-6.2480241e-02
-0.46166370386299604,1.0014295242384448,0.0016320819768969447,2601.189216296316,-4.0257070e-04,989089,231.58663,1461.22755,6.6393735e+03,1.0453149e+01,1.0353300e+03,3.8954399e+00,7.1186553e+03,1.1601644e+01,0,nan,nan,nan,nan,231.58663,1.1255349e-03,1461.22755,1.1595350e-03,-2.7049825e-02,-6.3571356e-02
-0.4602748165457342,0.9996055880884723,0.0016297661964210695,2601.190605183633,-4.0257166e-04,989090,231.58084,1461.21560,6.6268091e+03,1.0438146e+01,1.0287612e+03,3.8857274e+00,7.1055732e+03,1.1584992e+01,0,nan,nan,nan,nan,231.58084,1.1267037e-03,1461.21560,1.1603436e-03,-3.5663035e-02,-7.8135371e-02
-0.4588859291998233,0.9984650371401096,0.0016299549968965237,2601.191994070979,-4.0257259e-04,989091,231.58550,1461.22088,6.6226626e+03,1.0439184e+01,1.0323079e+03,3.8880866e+00,7.0973506e+03,1.1586146e+01,0,nan,nan,nan,nan,231.58550,1.1262193e-03,1461.22088,1.1615220e-03,-2.8200563e-02,-7.0913360e-02
-0.4574970418552766,0.9987675237587487,0.0016299856427672954,2601.1933829583236,-4.0257353e-04,989092,231.58730,1461.22523,6.6232407e+03,1.0439211e+01,1.0352593e+03,3.8875597e+00,7.0993853e+03,1.1586176e+01,0,nan,nan,nan,nan,231.58730,1.1257539e-03,1461.22523,1.1621790e-03,-2.6163029e-02,-6.8867549e-02
-0.4561081545093657,1.0019940861327394,0.0016314440255913306,2601.1947718456695,-4.0257446e-04,989093,231.58913,1461.22056,6.6453491e+03,1.0448382e+01,1.0329644e+03,3.8839915e+00,7.1222051e+03,1.1596354e+01,0,nan,nan,nan,nan,231.58913,1.1226739e-03,1461.22056,1.1580104e-03,-2.7322862e-02,-7.0874907e-02
-0.4547192671634548,0.9987740054705334,0.0016308422034191164,2601.1961607330154,-4.0257539e-04,989094,231.58629,1461.22230,6.6250903e+03,1.0444360e+01,1.0373658e+03,3.8864698e+00,7.0992021e+03,1.1591890e+01,0,nan,nan,nan,nan,231.58629,1.1254376e-03,1461.22230,1.1600849e-03,-2.7786285e-02,-6.8160936e-02
-0.45333037984801194,1.0015309567989739,0.0016326157124463463,2601.197549620331,-4.0257635e-04,989095,231.58782,1461.22119,6.6425591e+03,1.0455549e+01,1.0327019e+03,3.8983493e+00,7.1186836e+03,1.1604309e+01,0,nan,nan,nan,nan,231.58782,1.1248965e-03,1461.22119,1.1614650e-03,-2.5694307e-02,-7.0317276e-02
-0.451941492502101,0.9999037889598301,0.0016314757158386688,2601.1989385076768,-4.0257728e-04,989096,231.58971,1461.22142,6.6300503e+03,1.0448081e+01,1.0327523e+03,3.8903265e+00,7.1070044e+03,1.1596021e+01,0,nan,nan,nan,nan,231.58971,1.1247185e-03,1461.22142,1.1623995e-03,-2.4841763e-02,-6.8734698e-02
-0.4505526051561901,1.0000348287457788,0.0016327073868469813,2601.2003273950227,-4.0257821e-04,989097,231.58582,1461.21783,6.6303950e+03,1.0455802e+01,1.0386405e+03,3.8999586e+00,7.1078218e+03,1.1604589e+01,0,nan,nan,nan,nan,231.58582,1.1247555e-03,1461.21783,1.1613152e-03,-2.8773883e-02,-7.2058350e-02
-0.44916371781164344,1.0006979323965384,0.0016323223910045597,2601.201716282367,-4.0257914e-04,989098,231.58690,1461.22585,6.6362925e+03,1.0453170e+01,1.0382622e+03,3.8970520e+00,7.1124219e+03,1.1601668e+01,0,nan,nan,nan,nan,231.58690,1.1247655e-03,1461.22585,1.1602013e-03,-2.4681231e-02,-6.7632496e-02
-0.44777483046618727,0.9999769200076465,0.0016314152058424258,2601.2031051697127,-4.0258007e-04,989099,231.58618,1461.22164,6.6289463e+03,1.0447194e+01,1.0371246e+03,3.8920515e+00,7.1071851e+03,1.1595037e+01,0,nan,nan,nan,nan,231.58618,1.1258214e-03,1461.22164,1.1594509e-03,-2.8907076e-02,-6.9785126e-02
-0.4463859431207311,1.0001425947372686,0.001630799901111034,2601.204494057058,-4.0258100e-04,989100,231.59017,1461.22276,6.6305483e+03,1.0443089e+01,1.0318738e+03,3.8841276e+00,7.1082500e+03,1.1590480e+01,0,nan,nan,nan,nan,231.59017,1.1242367e-03,1461.22276,1.1610361e-03,-2.4965540e-02,-6.9653936e-02
-0.44499705577527493,0.997661712450091,0.0016324734850322732,2601.2058829444036,-4.0258194e-04,989101,231.59012,1461.22330,6.6161270e+03,1.0453642e+01,1.0502183e+03,3.9073882e+00,7.0905059e+03,1.1602192e+01,0,nan,nan,nan,nan,231.59012,1.1265228e-03,1461.22330,1.1623243e-03,-2.5042301e-02,-6.6469952e-02
-0.44360816843072826,0.9998078765374813,0.0016317184036882717,2601.207271831748,-4.0258287e-04,989102,231.58613,1461.22144,6.6292266e+03,1.0448642e+01,1.0404651e+03,3.8946145e+00,7.1056470e+03,1.1596643e+01,0,nan,nan,nan,nan,231.58613,1.1247048e-03,1461.22144,1.1611341e-03,-2.6725728e-02,-6.9805056e-02
-0.44221928105525876,1.0007307093015279,0.0016313872651269538,2601.2086607191236,-4.0258377e-04,989103,231.58912,1461.22631,6.6330747e+03,1.0446358e+01,1.0348169e+03,3.8874171e+00,7.1120947e+03,1.1594109e+01,0,nan,nan,nan,nan,231.58912,1.1248802e-03,1461.22631,1.1593763e-03,-2.4656750e-02,-6.5700300e-02
-0.4408303937088931,1.0018898763053987,0.0016336194609264756,2601.21004960647,-4.0258470e-04,989104,231.58282,1461.21599,6.6414297e+03,1.0460489e+01,1.0399711e+03,3.8945274e+00,7.1202212e+03,1.1609791e+01,0,nan,nan,nan,nan,231.58282,1.1260583e-03,1461.21599,1.1604449e-03,-3.2934442e-02,-7.5959466e-02
-0.43944150636343693,1.0014172520329767,0.0016317232607547796,2601.2114384938154,-4.0258563e-04,989105,231.59190,1461.23104,6.6386587e+03,1.0448184e+01,1.0342595e+03,3.8915033e+00,7.1167520e+03,1.1596135e+01,0,nan,nan,nan,nan,231.59190,1.1230619e-03,1461.23104,1.1591588e-03,-2.1119814e-02,-5.6674898e-02
-0.43805261901798076,1.0016897539218337,0.0016323125922952588,2601.212827381161,-4.0258656e-04,989106,231.58977,1461.22196,6.6415957e+03,1.0451796e+01,1.0310667e+03,3.8874536e+00,7.1185776e+03,1.1600143e+01,0,nan,nan,nan,nan,231.58977,1.1237944e-03,1461.22196,1.1595862e-03,-2.5597347e-02,-7.0690796e-02
-0.4366637316725246,1.0003660084337709,0.0016312645313394122,2601.2142162685063,-4.0258750e-04,989107,231.58531,1461.22119,6.6332637e+03,1.0444923e+01,1.0349117e+03,3.8870592e+00,7.1090605e+03,1.1592516e+01,0,nan,nan,nan,nan,231.58531,1.1248755e-03,1461.22119,1.1602958e-03,-2.8169675e-02,-7.3051110e-02
-0.4352748442979646,1.0015147863694385,0.001633406935195275,2601.215605155881,-4.0258840e-04,989108,231.58734,1461.22340,6.6392715e+03,1.0458481e+01,1.0403525e+03,3.8995471e+00,7.1171152e+03,1.1607562e+01,0,nan,nan,nan,nan,231.58734,1.1257110e-03,1461.22340,1.1605108e-03,-2.7974520e-02,-6.8559758e-02
-0.4338859569525084,1.000734533633521,0.0016319112109165093,2601.2169940432264,-4.0258933e-04,989109,231.59044,1461.22220,6.6368574e+03,1.0448743e+01,1.0351704e+03,3.8900995e+00,7.1114614e+03,1.1596755e+01,0,nan,nan,nan,nan,231.59044,1.1243779e-03,1461.22220,1.1589401e-03,-2.2459315e-02,-6.8274818e-02
-0.43249706960705225,0.9984014744636165,0.0016308622578252016,2601.218382930572,-4.0259026e-04,989110,231.58224,1461.21849,6.6180786e+03,1.0441867e+01,1.0357665e+03,3.8948882e+00,7.0947734e+03,1.1589124e+01,0,nan,nan,nan,nan,231.58224,1.1261445e-03,1461.21849,1.1614370e-03,-3.2081772e-02,-7.5053975e-02
-0.4311081822615961,1.001748994114188,0.0016326222807673126,2601.2197718179173,-4.0259119e-04,989111,231.58914,1461.22161,6.6421475e+03,1.0452977e+01,1.0290187e+03,3.8897674e+00,7.1184526e+03,1.1601454e+01,0,nan,nan,nan,nan,231.58914,1.1243556e-03,1461.22161,1.1602254e-03,-2.3900799e-02,-6.9204241e-02
-0.4297192948870361,1.000761237182832,0.001632311402424927,2601.221160705292,-4.0259209e-04,989112,231.58562,1461.22383,6.6340059e+03,1.0450828e+01,1.0366263e+03,3.8965347e+00,7.1113257e+03,1.1599069e+01,0,nan,nan,nan,nan,231.58562,1.1247614e-03,1461.22383,1.1611747e-03,-2.9701453e-02,-6.9486342e-02
-0.4283304075415799,1.002075105959159,0.0016318224049177107,2601.2225495926373,-4.0259302e-04,989113,231.58593,1461.22597,6.6405356e+03,1.0447538e+01,1.0282449e+03,3.8821356e+00,7.1205537e+03,1.1595418e+01,0,nan,nan,nan,nan,231.58593,1.1247966e-03,1461.22597,1.1593708e-03,-2.8314019e-02,-6.6450231e-02
-0.4269415201679294,1.001923653447101,0.0016324936250520085,2601.223938480011,-4.0259393e-04,989114,231.58836,1461.22057,6.6431162e+03,1.0451677e+01,1.0314696e+03,3.8886995e+00,7.1193701e+03,1.1600013e+01,0,nan,nan,nan,nan,231.58836,1.1242748e-03,1461.22057,1.1583926e-03,-2.3713894e-02,-7.0036419e-02
-0.4255526328220185,0.9994928863881751,0.0016327748599677036,2601.225327367357,-4.0259486e-04,989115,231.58843,1461.22236,6.6249565e+03,1.0453321e+01,1.0379949e+03,3.8991513e+00,7.1019912e+03,1.1601836e+01,0,nan,nan,nan,nan,231.58843,1.1284379e-03,1461.22236,1.1640306e-03,-2.7329810e-02,-6.8798199e-02
-0.42416374547565283,1.0009194770548429,0.00163217039388258,2601.226716254703,-4.0259579e-04,989116,231.58644,1461.21962,6.6356924e+03,1.0449294e+01,1.0384510e+03,3.8919671e+00,7.1120215e+03,1.1597367e+01,0,nan,nan,nan,nan,231.58644,1.1245094e-03,1461.21962,1.1595683e-03,-2.6641494e-02,-7.1640342e-02
-0.4227748581006381,1.0008274210696182,0.0016320217338542087,2601.228105142078,-4.0259669e-04,989117,231.58497,1461.22181,6.6336772e+03,1.0448187e+01,1.0348320e+03,3.8881257e+00,7.1112612e+03,1.1596138e+01,0,nan,nan,nan,nan,231.58497,1.1236849e-03,1461.22181,1.1615063e-03,-2.8568253e-02,-6.9711953e-02
-0.4213859707551819,0.9987008781074678,0.0016299407509450395,2601.2294940294237,-4.0259762e-04,989118,231.58797,1461.22127,6.6208853e+03,1.0434710e+01,1.0302982e+03,3.8822665e+00,7.0960459e+03,1.1581180e+01,0,nan,nan,nan,nan,231.58797,1.1249731e-03,1461.22127,1.1618868e-03,-2.7877340e-02,-7.0167959e-02
-0.4199970833806219,1.0018175755223475,0.0016326025934606373,2601.2308829167982,-4.0259853e-04,989119,231.58839,1461.22333,6.6405610e+03,1.0451594e+01,1.0367455e+03,3.8907421e+00,7.1180850e+03,1.1599920e+01,0,nan,nan,nan,nan,231.58839,1.1245046e-03,1461.22333,1.1591899e-03,-2.2564450e-02,-6.8254508e-02
-0.41860819603516575,1.0000446084581098,0.0016325722561768717,2601.2322718041437,-4.0259946e-04,989120,231.58047,1461.22099,6.6283013e+03,1.0451246e+01,1.0353311e+03,3.8969018e+00,7.1053833e+03,1.1599534e+01,0,nan,nan,nan,nan,231.58047,1.1270375e-03,1461.22099,1.1629991e-03,-3.3410233e-02,-7.0609875e-02
-0.41721930866060575,1.0031662584154637,0.0016328171633399977,2601.2336606915183,-4.0260036e-04,989121,231.59093,1461.22648,6.6492432e+03,1.0452661e+01,1.0314120e+03,3.8882265e+00,7.1274575e+03,1.1601103e+01,0,nan,nan,nan,nan,231.59093,1.1222141e-03,1461.22648,1.1595557e-03,-2.2238743e-02,-6.5309674e-02
-0.41583042128604575,1.0014208003851228,0.001631921785337352,2601.235049578893,-4.0260126e-04,989122,231.58526,1461.22023,6.6372065e+03,1.0446775e+01,1.0363527e+03,3.8886626e+00,7.1149517e+03,1.1594571e+01,0,nan,nan,nan,nan,231.58526,1.1244992e-03,1461.22023,1.1590743e-03,-2.9432787e-02,-7.1211874e-02
-0.4144415339405896,0.9991945825754345,0.0016323825079267698,2601.2364384662383,-4.0260219e-04,989123,231.58422,1461.22030,6.6232158e+03,1.0449572e+01,1.0407408e+03,3.8995245e+00,7.0990312e+03,1.1597675e+01,0,nan,nan,nan,nan,231.58422,1.1252670e-03,1461.22030,1.1629693e-03,-2.9348332e-02,-7.0637889e-02
-0.4130526465660296,0.9999982078643034,0.0016321999551035915,2601.237827353613,-4.0260309e-04,989124,231.59139,1461.22419,6.6257383e+03,1.0448252e+01,1.0387070e+03,3.8927300e+00,7.1046367e+03,1.1596210e+01,0,nan,nan,nan,nan,231.59139,1.1253760e-03,1461.22419,1.1619540e-03,-2.1944908e-02,-6.7006245e-02
-0.4116637591914696,0.9982905448743422,0.0016313459356728432,2601.2392162409874,-4.0260400e-04,989125,231.58780,1461.22243,6.6195293e+03,1.0442633e+01,1.0374274e+03,3.8970559e+00,7.0924019e+03,1.1589973e+01,0,nan,nan,nan,nan,231.58780,1.1264072e-03,1461.22243,1.1621022e-03,-2.5655314e-02,-6.8530641e-02
-0.41027487184646816,1.003901801499893,0.0016337534208099153,2601.2406051283324,-4.0260493e-04,989126,231.58458,1461.22424,6.6537847e+03,1.0457893e+01,1.0337964e+03,3.8888030e+00,7.1321641e+03,1.1606910e+01,0,nan,nan,nan,nan,231.58458,1.1226953e-03,1461.22424,1.1580603e-03,-2.9519843e-02,-6.8850316e-02
-0.4088859844723629,1.0013819367169141,0.0016316248690841785,2601.2419940157065,-4.0260583e-04,989127,231.59186,1461.23024,6.6369761e+03,1.0444118e+01,1.0323047e+03,3.8859293e+00,7.1141592e+03,1.1591620e+01,0,nan,nan,nan,nan,231.59186,1.1225890e-03,1461.23024,1.1615169e-03,-1.9649150e-02,-6.2403757e-02
-0.4074970970978029,1.001007567933492,0.00163248915432969,2601.243382903081,-4.0260673e-04,989128,231.58104,1461.22046,6.6307393e+03,1.0449499e+01,1.0373579e+03,3.8985329e+00,7.1113979e+03,1.1597594e+01,0,nan,nan,nan,nan,231.58104,1.1264880e-03,1461.22046,1.1635126e-03,-3.3354603e-02,-7.4461408e-02
-0.4061082097223334,0.9989681228635127,0.0016304713822006794,2601.2447717904565,-4.0260763e-04,989129,231.58345,1461.22048,6.6207295e+03,1.0436433e+01,1.0349717e+03,3.8872561e+00,7.0968071e+03,1.1583094e+01,0,nan,nan,nan,nan,231.58345,1.1252803e-03,1461.22048,1.1608597e-03,-2.9843878e-02,-7.1874410e-02
-0.4047193223477734,0.999286326840833,0.0016319721301466424,2601.246160677831,-4.0260854e-04,989130,231.58446,1461.21981,6.6210459e+03,1.0445890e+01,1.0381110e+03,3.8933785e+00,7.0989668e+03,1.1593590e+01,0,nan,nan,nan,nan,231.58446,1.1272923e-03,1461.21981,1.1626537e-03,-2.8209267e-02,-7.2264299e-02
-0.4033304350018625,0.998155976669911,0.0016309650556302487,2601.247549565177,-4.0260947e-04,989131,231.58973,1461.22496,6.6155625e+03,1.0439297e+01,1.0387551e+03,3.8905804e+00,7.0908359e+03,1.1586271e+01,0,nan,nan,nan,nan,231.58973,1.1256245e-03,1461.22496,1.1612998e-03,-2.3456434e-02,-6.4852208e-02
-0.40194154762684775,0.9999041916147205,0.0016326950836253395,2601.248938452552,-4.0261037e-04,989132,231.58727,1461.22536,6.6264956e+03,1.0450222e+01,1.0362920e+03,3.8966265e+00,7.1031548e+03,1.1598397e+01,0,nan,nan,nan,nan,231.58727,1.1256619e-03,1461.22536,1.1623420e-03,-2.6310038e-02,-6.6864267e-02
-0.40055266025319725,0.9978647635047583,0.001631515097734572,2601.2503273399257,-4.0261127e-04,989133,231.58848,1461.21770,6.6127188e+03,1.0442522e+01,1.0347560e+03,3.8941753e+00,7.0885669e+03,1.1589851e+01,0,nan,nan,nan,nan,231.58848,1.1290159e-03,1461.21770,1.1641140e-03,-2.8041745e-02,-7.4838318e-02
-0.3991637728781825,0.9982592776568194,0.0016312352809417046,2601.2517162273007,-4.0261218e-04,989134,231.58580,1461.22015,6.6152378e+03,1.0440584e+01,1.0371609e+03,3.8915205e+00,7.0912700e+03,1.1587701e+01,0,nan,nan,nan,nan,231.58580,1.1284077e-03,1461.22015,1.1616476e-03,-2.9365096e-02,-7.0394181e-02
-0.39777488550316775,1.0011912308487205,0.0016320637819936558,2601.2531051146757,-4.0261308e-04,989135,231.59228,1461.22561,6.6349326e+03,1.0445742e+01,1.0342618e+03,3.8920238e+00,7.1119980e+03,1.1593424e+01,0,nan,nan,nan,nan,231.59228,1.1246246e-03,1461.22561,1.1600438e-03,-2.1540718e-02,-6.5322988e-02
-0.39638599812951725,0.9983451512181752,0.0016305486141511628,2601.2544940020493,-4.0261398e-04,989136,231.58732,1461.22419,6.6149404e+03,1.0435899e+01,1.0357350e+03,3.8897090e+00,7.0916816e+03,1.1582500e+01,0,nan,nan,nan,nan,231.58732,1.1276210e-03,1461.22419,1.1631247e-03,-2.4711223e-02,-6.8463072e-02
-0.3949971107545025,0.9994246349551664,0.0016311747777626956,2601.2558828894244,-4.0261488e-04,989137,231.58608,1461.22468,6.6231929e+03,1.0439760e+01,1.0347927e+03,3.8861773e+00,7.0992510e+03,1.1586786e+01,0,nan,nan,nan,nan,231.58608,1.1258319e-03,1461.22468,1.1615130e-03,-2.7169080e-02,-6.9018587e-02
-0.39360822337948775,0.9982379093651487,0.0016318050637578524,2601.2572717767994,-4.0261578e-04,989138,231.58911,1461.22227,6.6150869e+03,1.0443650e+01,1.0437279e+03,3.8953409e+00,7.0907231e+03,1.1591103e+01,0,nan,nan,nan,nan,231.58911,1.1267046e-03,1461.22227,1.1638257e-03,-2.4915636e-02,-6.9804162e-02
-0.39221933600583725,0.999673823558833,0.0016340190134614444,2601.258660664173,-4.0261669e-04,989139,231.58039,1461.22010,6.6248755e+03,1.0457676e+01,1.0390006e+03,3.9051907e+00,7.1008252e+03,1.1606669e+01,0,nan,nan,nan,nan,231.58039,1.1272286e-03,1461.22010,1.1639649e-03,-3.1418689e-02,-7.4731834e-02
-0.39083044860171867,1.0008734810389859,0.0016318259929405437,2601.260049551577,-4.0261756e-04,989140,231.59383,1461.22753,6.6349121e+03,1.0443498e+01,1.0312441e+03,3.8843822e+00,7.1092485e+03,1.1590933e+01,0,nan,nan,nan,nan,231.59383,1.1236945e-03,1461.22753,1.1592667e-03,-2.0080881e-02,-6.0676746e-02
-0.3894415612271587,1.000948680215949,0.0016333380411064741,2601.2614384389517,-4.0261846e-04,989141,231.58248,1461.21949,6.6320127e+03,1.0453031e+01,1.0386764e+03,3.8993671e+00,7.1096855e+03,1.1601514e+01,0,nan,nan,nan,nan,231.58248,1.1258568e-03,1461.21949,1.1600318e-03,-3.2079704e-02,-7.5256564e-02
-0.3880526738530534,0.9980450118976885,0.0016303949041191047,2601.262827326326,-4.0261936e-04,989142,231.58840,1461.22415,6.6104067e+03,1.0434053e+01,1.0344680e+03,3.8898869e+00,7.0889644e+03,1.1580451e+01,0,nan,nan,nan,nan,231.58840,1.1271226e-03,1461.22415,1.1655996e-03,-2.5242368e-02,-6.7238502e-02
-0.3866637864775839,1.0046625189653693,0.0016325955767865427,2601.2642162137013,-4.0262027e-04,989143,231.58275,1461.22066,6.6559980e+03,1.0447994e+01,1.0260107e+03,3.8792424e+00,7.1358711e+03,1.1595924e+01,0,nan,nan,nan,nan,231.58275,1.1219931e-03,1461.22066,1.1554788e-03,-3.2828417e-02,-7.3417112e-02
-0.38527489910211443,1.0008300804230899,0.00163279611115842,2601.2656051010767,-4.0262117e-04,989144,231.59006,1461.22301,6.6340786e+03,1.0449137e+01,1.0350205e+03,3.8964293e+00,7.1085537e+03,1.1597192e+01,0,nan,nan,nan,nan,231.59006,1.1240725e-03,1461.22301,1.1595604e-03,-2.3657914e-02,-7.1275033e-02
-0.3838860117284639,0.9986405181333141,0.0016328930779436887,2601.2669939884504,-4.0262207e-04,989145,231.58371,1461.22131,6.6181416e+03,1.0449617e+01,1.0384611e+03,3.8979111e+00,7.0929062e+03,1.1597725e+01,0,nan,nan,nan,nan,231.58371,1.1276429e-03,1461.22131,1.1636548e-03,-3.1455409e-02,-6.9518365e-02
-0.38249712432434535,0.9995757289895789,0.0016317561263429485,2601.2683828758545,-4.0262294e-04,989146,231.59156,1461.22645,6.6258521e+03,1.0442200e+01,1.0371223e+03,3.8892429e+00,7.0994536e+03,1.1589494e+01,0,nan,nan,nan,nan,231.59156,1.1246847e-03,1461.22645,1.1604930e-03,-2.1427747e-02,-6.2796481e-02
-0.3811082369493306,1.000343606980633,0.0016327688416053884,2601.2697717632295,-4.0262385e-04,989147,231.58577,1461.22515,6.6290181e+03,1.0448543e+01,1.0385322e+03,3.8957124e+00,7.1048125e+03,1.1596532e+01,0,nan,nan,nan,nan,231.58577,1.1255380e-03,1461.22515,1.1618483e-03,-2.6871935e-02,-6.8137452e-02
-0.3797193495756801,1.0003466767786606,0.0016332080447427643,2601.271160650603,-4.0262475e-04,989148,231.58980,1461.22341,6.6274839e+03,1.0451214e+01,1.0322736e+03,3.8910022e+00,7.1047393e+03,1.1599497e+01,0,nan,nan,nan,nan,231.58980,1.1259385e-03,1461.22341,1.1634616e-03,-2.3841891e-02,-6.7884386e-02
-0.3783304621715615,1.002881101322633,0.001634010622440806,2601.2725495380073,-4.0262562e-04,989149,231.58388,1461.21770,6.6423271e+03,1.0456210e+01,1.0385836e+03,3.8948846e+00,7.1226450e+03,1.1605042e+01,0,nan,nan,nan,nan,231.58388,1.1244279e-03,1461.21770,1.1600719e-03,-2.9576335e-02,-7.4685261e-02
-0.3769415747965468,0.9978550154694124,0.0016306941947061998,2601.2739384253823,-4.0262652e-04,989150,231.58371,1461.22149,6.6116201e+03,1.0434851e+01,1.0334948e+03,3.8917625e+00,7.0868555e+03,1.1581336e+01,0,nan,nan,nan,nan,231.58371,1.1275443e-03,1461.22149,1.1635693e-03,-3.1561021e-02,-7.2524562e-02
-0.37555268742289627,1.0020361088860548,0.001633507715551482,2601.275327312756,-4.0262743e-04,989151,231.58979,1461.22452,6.6391592e+03,1.0452716e+01,1.0346031e+03,3.8899469e+00,7.1164561e+03,1.1601165e+01,0,nan,nan,nan,nan,231.58979,1.1236124e-03,1461.22452,1.1591848e-03,-2.4426240e-02,-6.6056728e-02
-0.3741638000187777,1.0016633487743067,0.0016326280391234305,2601.27671620016,-4.0262830e-04,989152,231.58646,1461.22431,6.6364224e+03,1.0446951e+01,1.0356681e+03,3.8906653e+00,7.1137158e+03,1.1594766e+01,0,nan,nan,nan,nan,231.58646,1.1234347e-03,1461.22431,1.1581543e-03,-2.4708182e-02,-6.5857522e-02
-0.37277491264376295,0.9999427959046603,0.0016320036826870618,2601.278105087535,-4.0262920e-04,989153,231.58808,1461.22306,6.6262173e+03,1.0442820e+01,1.0390546e+03,3.8911698e+00,7.1014038e+03,1.1590180e+01,0,nan,nan,nan,nan,231.58808,1.1264484e-03,1461.22306,1.1597231e-03,-2.6062738e-02,-7.0227854e-02
-0.3713860252410086,1.0023025860069004,0.001634822546750772,2601.279493974938,-4.0263007e-04,989154,231.58449,1461.22114,6.6414150e+03,1.0460720e+01,1.0356062e+03,3.8953326e+00,7.1180698e+03,1.1610048e+01,0,nan,nan,nan,nan,231.58449,1.1241104e-03,1461.22114,1.1615173e-03,-2.9579107e-02,-7.0385717e-02
-0.3699971378673581,1.00026322081068,0.0016331441584692841,2601.2808828623115,-4.0263098e-04,989155,231.58492,1461.22225,6.6264814e+03,1.0449845e+01,1.0376263e+03,3.8931334e+00,7.1034951e+03,1.1597979e+01,0,nan,nan,nan,nan,231.58492,1.1256960e-03,1461.22225,1.1623998e-03,-2.6989631e-02,-7.2851256e-02
-0.3686082504627848,1.0022538660809697,0.001633400755544355,2601.282271749716,-4.0263185e-04,989156,231.59242,1461.22929,6.6403223e+03,1.0451353e+01,1.0278566e+03,3.8955595e+00,7.1175400e+03,1.1599651e+01,0,nan,nan,nan,nan,231.59242,1.1242001e-03,1461.22929,1.1589448e-03,-1.9722944e-02,-5.9723593e-02
-0.3672193630873153,0.9981876947498084,0.0016317652128696799,2601.2836606370915,-4.0263275e-04,989157,231.58493,1461.22126,6.6121621e+03,1.0440753e+01,1.0416042e+03,3.8924356e+00,7.0885728e+03,1.1587888e+01,0,nan,nan,nan,nan,231.58493,1.1272572e-03,1461.22126,1.1632344e-03,-2.9645674e-02,-7.2538346e-02
-0.36583047568365146,1.0008491284440943,0.001632667924528566,2601.285049524495,-4.0263362e-04,989158,231.58828,1461.22200,6.6305693e+03,1.0446395e+01,1.0374935e+03,3.8881919e+00,7.1073818e+03,1.1594150e+01,0,nan,nan,nan,nan,231.58828,1.1249880e-03,1461.22200,1.1615038e-03,-2.5274497e-02,-6.7777865e-02
-0.3644415882799876,0.9993620366808836,0.0016319138867202962,2601.286438411899,-4.0263450e-04,989159,231.58207,1461.22080,6.6196035e+03,1.0441438e+01,1.0353137e+03,3.8972929e+00,7.0967310e+03,1.1588647e+01,0,nan,nan,nan,nan,231.58207,1.1281518e-03,1461.22080,1.1628373e-03,-3.1636126e-02,-7.3501982e-02
-0.3630527009054276,1.0002615242369566,0.0016317774150869785,2601.2878272992734,-4.0263540e-04,989160,231.58746,1461.21977,6.6244800e+03,1.0440433e+01,1.0331791e+03,3.8870661e+00,7.1030283e+03,1.1587531e+01,0,nan,nan,nan,nan,231.58746,1.1258482e-03,1461.21977,1.1609474e-03,-2.7544523e-02,-7.2856821e-02
-0.3616638135017638,1.0035545970451845,0.0016347731426228137,2601.289216186677,-4.0263627e-04,989161,231.58984,1461.22463,6.6499600e+03,1.0459468e+01,1.0390103e+03,3.8933182e+00,7.1263232e+03,1.1608658e+01,0,nan,nan,nan,nan,231.58984,1.1221754e-03,1461.22463,1.1581797e-03,-2.2726851e-02,-6.3504964e-02
-0.36027492609809997,1.0021629476765017,0.0016333644832490324,2601.2906050740808,-4.0263715e-04,989162,231.58754,1461.22237,6.6382246e+03,1.0450323e+01,1.0364421e+03,3.8906794e+00,7.1163511e+03,1.1598509e+01,0,nan,nan,nan,nan,231.58754,1.1246457e-03,1461.22237,1.1600815e-03,-2.6041720e-02,-6.9459543e-02
-0.35888603872353997,0.9979818690173349,0.0016309706527804703,2601.2919939614553,-4.0263805e-04,989163,231.58933,1461.22336,6.6100029e+03,1.0434876e+01,1.0326699e+03,3.8909338e+00,7.0865728e+03,1.1581365e+01,0,nan,nan,nan,nan,231.58933,1.1284268e-03,1461.22336,1.1631249e-03,-2.5628867e-02,-6.6686742e-02
-0.35749715131987614,0.9977697528580394,0.001633155005670841,2601.293382848859,-4.0263892e-04,989164,231.58524,1461.22453,6.6093350e+03,1.0448722e+01,1.0377312e+03,3.8968811e+00,7.0849780e+03,1.1596731e+01,0,nan,nan,nan,nan,231.58524,1.1275245e-03,1461.22453,1.1657828e-03,-2.7034080e-02,-6.6381358e-02
-0.3561082639162123,1.0014334475413658,0.0016323393905267002,2601.2947717362626,-4.0263979e-04,989165,231.58555,1461.21896,6.6327363e+03,1.0443374e+01,1.0313702e+03,3.8885674e+00,7.1109048e+03,1.1590796e+01,0,nan,nan,nan,nan,231.58555,1.1236029e-03,1461.21896,1.1587478e-03,-3.1026922e-02,-7.6181076e-02
-0.3547193765125485,1.000064445329752,0.001633838857070264,2601.2961606236663,-4.0264067e-04,989166,231.59322,1461.22020,6.6250698e+03,1.0452838e+01,1.0330432e+03,3.8967338e+00,7.1010962e+03,1.1601299e+01,0,nan,nan,nan,nan,231.59322,1.1248311e-03,1461.22020,1.1647431e-03,-2.3366628e-02,-6.7858934e-02
-0.35333048910888465,1.0019339418863566,0.0016329423650360533,2601.29754951107,-4.0264154e-04,989167,231.58411,1461.22065,6.6364497e+03,1.0446972e+01,1.0300383e+03,3.8920662e+00,7.1142827e+03,1.1594790e+01,0,nan,nan,nan,nan,231.58411,1.1255505e-03,1461.22065,1.1581666e-03,-3.0599669e-02,-7.1968377e-02
-0.35194160173432465,1.0014511633970633,0.0016329641546735877,2601.2989383984445,-4.0264244e-04,989168,231.58736,1461.22220,6.6321201e+03,1.0446984e+01,1.0359651e+03,3.8909934e+00,7.1107681e+03,1.1594803e+01,0,nan,nan,nan,nan,231.58736,1.1236597e-03,1461.22220,1.1589569e-03,-2.7950656e-02,-6.8546154e-02
-0.3505527143306608,1.0022843671245094,0.0016328151512919505,2601.300327285848,-4.0264332e-04,989169,231.58525,1461.22205,6.6385562e+03,1.0445904e+01,1.0320437e+03,3.8840108e+00,7.1165972e+03,1.1593603e+01,0,nan,nan,nan,nan,231.58525,1.1253190e-03,1461.22205,1.1594876e-03,-2.8546067e-02,-6.9540814e-02
-0.349163826926997,0.9990807553522217,0.0016324071988420973,2601.301716173252,-4.0264419e-04,989170,231.58764,1461.22381,6.6193213e+03,1.0443166e+01,1.0367954e+03,3.8935661e+00,7.0937637e+03,1.1590566e+01,0,nan,nan,nan,nan,231.58764,1.1259137e-03,1461.22381,1.1609667e-03,-2.5473032e-02,-6.8002991e-02
-0.34777493952242367,1.0008240230646166,0.0016343179733119856,2601.3031050606564,-4.0264506e-04,989171,231.58755,1461.22091,6.6298223e+03,1.0455264e+01,1.0363669e+03,3.9095886e+00,7.1060552e+03,1.1603992e+01,0,nan,nan,nan,nan,231.58755,1.1246280e-03,1461.22091,1.1618607e-03,-2.5491310e-02,-7.0255257e-02
-0.34638605211875984,1.0000336470516267,0.0016328259503881914,2601.30449394806,-4.0264594e-04,989172,231.58934,1461.22354,6.6254155e+03,1.0445592e+01,1.0393971e+03,3.8940160e+00,7.1003579e+03,1.1593258e+01,0,nan,nan,nan,nan,231.58934,1.1257887e-03,1461.22354,1.1608388e-03,-2.4887906e-02,-6.6557877e-02
-0.344997164715096,1.0009742833284392,0.0016319951282883522,2601.3058828354638,-4.0264681e-04,989173,231.58531,1461.21862,6.6290312e+03,1.0440152e+01,1.0326453e+03,3.8858161e+00,7.1069512e+03,1.1587220e+01,0,nan,nan,nan,nan,231.58531,1.1257827e-03,1461.21862,1.1603675e-03,-2.9698474e-02,-7.3498182e-02
-0.3436082773114322,0.9996068699017031,0.0016330240534720977,2601.3072717228674,-4.0264768e-04,989174,231.58620,1461.21991,6.6215703e+03,1.0446609e+01,1.0360558e+03,3.9041281e+00,7.0971572e+03,1.1594387e+01,0,nan,nan,nan,nan,231.58620,1.1259714e-03,1461.21991,1.1603483e-03,-2.7917534e-02,-7.0731059e-02
-0.34221938990776835,0.9995159226632301,0.0016324170990774536,2601.308660610271,-4.0264855e-04,989175,231.59230,1461.22905,6.6200107e+03,1.0442602e+01,1.0392972e+03,3.8944421e+00,7.0964272e+03,1.1589939e+01,0,nan,nan,nan,nan,231.59230,1.1262675e-03,1461.22905,1.1614541e-03,-2.0228336e-02,-6.2139798e-02
-0.3408305025041045,1.0001596769729288,0.001632238830771075,2601.3100494976748,-4.0264943e-04,989176,231.58824,1461.22457,6.6243398e+03,1.0441338e+01,1.0330715e+03,3.8903263e+00,7.1009136e+03,1.1588536e+01,0,nan,nan,nan,nan,231.58824,1.1273777e-03,1461.22457,1.1595787e-03,-2.4568815e-02,-6.7505971e-02
-0.3394416151004407,0.9982458788576049,0.0016323074760167058,2601.3114383850784,-4.0265030e-04,989177,231.58620,1461.21952,6.6129688e+03,1.0441654e+01,1.0360170e+03,3.8898563e+00,7.0872422e+03,1.1588887e+01,0,nan,nan,nan,nan,231.58620,1.1293913e-03,1461.21952,1.1641684e-03,-2.9237891e-02,-7.1619235e-02
-0.338052727667673,0.9999207038261678,0.0016323220012553978,2601.312827272511,-4.0265115e-04,989178,231.58368,1461.21710,6.6228472e+03,1.0441624e+01,1.0346847e+03,3.8927124e+00,7.0990498e+03,1.1588854e+01,0,nan,nan,nan,nan,231.58368,1.1263982e-03,1461.21710,1.1618233e-03,-3.1026119e-02,-7.4739181e-02
-0.3366638402640092,1.000041102897284,0.0016328916001885545,2601.314216159915,-4.0265202e-04,989179,231.58569,1461.22120,6.6251050e+03,1.0445146e+01,1.0353597e+03,3.8955495e+00,7.0998213e+03,1.1592762e+01,0,nan,nan,nan,nan,231.58569,1.1254062e-03,1461.22120,1.1620957e-03,-2.6508994e-02,-7.1020745e-02
-0.33527495286125486,0.9991775976492981,0.001633121762292184,2601.3156050473176,-4.0265289e-04,989180,231.58963,1461.22485,6.6173188e+03,1.0446496e+01,1.0399912e+03,3.8973613e+00,7.0936084e+03,1.1594261e+01,0,nan,nan,nan,nan,231.58963,1.1280930e-03,1461.22485,1.1626412e-03,-2.3749160e-02,-6.4673789e-02
-0.3338860654571363,0.9986640975358526,0.0016334076293217756,2601.3169939347217,-4.0265376e-04,989181,231.58561,1461.22563,6.6148101e+03,1.0448203e+01,1.0385994e+03,3.8981323e+00,7.0898804e+03,1.1596156e+01,0,nan,nan,nan,nan,231.58561,1.1282316e-03,1461.22563,1.1631707e-03,-2.7308600e-02,-6.6880316e-02
-0.3324971780530177,1.0004083832370545,0.0016330203790893489,2601.318382822126,-4.0265464e-04,989182,231.59165,1461.22503,6.6249038e+03,1.0445606e+01,1.0347072e+03,3.8923512e+00,7.1021821e+03,1.1593273e+01,0,nan,nan,nan,nan,231.59165,1.1268432e-03,1461.22503,1.1629725e-03,-1.9839864e-02,-6.6696972e-02
-0.33110829062025005,1.000191378647985,0.001633134412520305,2601.3197717095586,-4.0265548e-04,989183,231.58414,1461.22223,6.6236494e+03,1.0446215e+01,1.0381407e+03,3.8942108e+00,7.1005596e+03,1.1593949e+01,0,nan,nan,nan,nan,231.58414,1.1265216e-03,1461.22223,1.1632676e-03,-3.1098220e-02,-7.1756534e-02
-0.32971940321613147,0.9965682333818681,0.0016303311364890404,2601.3211605969627,-4.0265635e-04,989184,231.58607,1461.21923,6.6017168e+03,1.0428164e+01,1.0379987e+03,3.8868470e+00,7.0747573e+03,1.1573916e+01,0,nan,nan,nan,nan,231.58607,1.1284304e-03,1461.21923,1.1630309e-03,-2.7057987e-02,-7.3013902e-02
-0.3283305158120129,1.0008773060814795,0.0016336206706178888,2601.322549484367,-4.0265723e-04,989185,231.58552,1461.22264,6.6285879e+03,1.0449086e+01,1.0355885e+03,3.8950636e+00,7.1052671e+03,1.1597136e+01,0,nan,nan,nan,nan,231.58552,1.1275226e-03,1461.22264,1.1599606e-03,-2.7224153e-02,-7.0068799e-02
-0.3269416283801547,1.0019250492461784,0.0016332095366786942,2601.3239383717987,-4.0265807e-04,989186,231.58618,1461.22014,6.6357993e+03,1.0446339e+01,1.0322987e+03,3.8902900e+00,7.1126245e+03,1.1594087e+01,0,nan,nan,nan,nan,231.58618,1.1230251e-03,1461.22014,1.1597209e-03,-2.6975911e-02,-6.9455728e-02
-0.32555274097603615,0.9999077807333635,0.0016334878068945127,2601.325327259203,-4.0265894e-04,989187,231.58662,1461.22240,6.6221255e+03,1.0448000e+01,1.0357939e+03,3.9082696e+00,7.0982236e+03,1.1595931e+01,0,nan,nan,nan,nan,231.58662,1.1271150e-03,1461.22240,1.1606400e-03,-2.7569355e-02,-6.7356355e-02
-0.32416385357191757,1.0028225413430603,0.0016350925993934232,2601.326716146607,-4.0265982e-04,989188,231.58783,1461.22002,6.6407012e+03,1.0458147e+01,1.0351886e+03,3.8945966e+00,7.1188350e+03,1.1607193e+01,0,nan,nan,nan,nan,231.58783,1.1248561e-03,1461.22002,1.1603052e-03,-2.4417384e-02,-7.0146285e-02
-0.3227749661400594,1.0017141885407852,0.0016350378489286522,2601.328105034039,-4.0266066e-04,989189,231.58895,1461.22126,6.6351543e+03,1.0457681e+01,1.0327467e+03,3.9052763e+00,7.1108882e+03,1.1606675e+01,0,nan,nan,nan,nan,231.58895,1.1265263e-03,1461.22126,1.1599656e-03,-2.4346605e-02,-6.9512390e-02
-0.3213860787359408,1.0018629697223282,0.0016340631054205734,2601.329493921443,-4.0266154e-04,989190,231.58531,1461.22235,6.6358525e+03,1.0451330e+01,1.0324663e+03,3.8896978e+00,7.1118652e+03,1.1599627e+01,0,nan,nan,nan,nan,231.58531,1.1240965e-03,1461.22235,1.1608077e-03,-2.9521002e-02,-6.8118021e-02
-0.3199971913027184,1.0013689557612955,0.0016340610506821991,2601.330882808876,-4.0266238e-04,989191,231.58684,1461.22155,6.6327295e+03,1.0451201e+01,1.0388535e+03,3.8898878e+00,7.1082793e+03,1.1599483e+01,0,nan,nan,nan,nan,231.58684,1.1256118e-03,1461.22155,1.1613665e-03,-2.7486915e-02,-7.0562877e-02
-0.3186083038999641,1.0001615167629776,0.001632643262407682,2601.332271696279,-4.0266325e-04,989192,231.58451,1461.22242,6.6230981e+03,1.0442019e+01,1.0336030e+03,3.8960741e+00,7.0996299e+03,1.1589292e+01,0,nan,nan,nan,nan,231.58451,1.1273752e-03,1461.22242,1.1606439e-03,-2.8219074e-02,-6.7822620e-02
-0.3172194164667417,0.9972246055085644,0.001633123236502,2601.333660583712,-4.0266410e-04,989193,231.59325,1461.22814,6.6041396e+03,1.0444973e+01,1.0369781e+03,3.9089122e+00,7.0787046e+03,1.1592571e+01,0,nan,nan,nan,nan,231.59325,1.1280691e-03,1461.22814,1.1668677e-03,-1.8748442e-02,-6.2368844e-02
-0.3158305290626231,1.0010748603649355,0.0016339422043761171,2601.3350494711162,-4.0266497e-04,989194,231.58372,1461.21962,6.6282959e+03,1.0450097e+01,1.0288944e+03,3.8957844e+00,7.1059575e+03,1.1598258e+01,0,nan,nan,nan,nan,231.58372,1.1288581e-03,1461.21962,1.1602979e-03,-2.9507365e-02,-7.2967999e-02
-0.31444164163076493,1.0016533678133863,0.001633164866693429,2601.336438358548,-4.0266581e-04,989195,231.58348,1461.22121,6.6344966e+03,1.0445012e+01,1.0333110e+03,3.8841865e+00,7.1099868e+03,1.1592614e+01,0,nan,nan,nan,nan,231.58348,1.1228799e-03,1461.22121,1.1612421e-03,-2.9055862e-02,-6.9701150e-02
-0.3130527541970878,1.0026132816570297,0.0016345333555139883,2601.3378272459818,-4.0266666e-04,989196,231.58577,1461.22099,6.6360659e+03,1.0453651e+01,1.0325322e+03,3.8923209e+00,7.1167241e+03,1.1602202e+01,0,nan,nan,nan,nan,231.58577,1.1254172e-03,1461.22099,1.1610179e-03,-2.5863228e-02,-7.0767418e-02
-0.31166386679251445,1.0003174167700442,0.001632684432954917,2601.3392161333863,-4.0266753e-04,989197,231.58433,1461.22314,6.6229878e+03,1.0441714e+01,1.0360548e+03,3.8899331e+00,7.1003511e+03,1.1588954e+01,0,nan,nan,nan,nan,231.58433,1.1259360e-03,1461.22314,1.1639154e-03,-2.8174158e-02,-6.8061240e-02
-0.3102749793606563,1.0002201809639495,0.0016331969710457524,2601.340605020818,-4.0266837e-04,989198,231.58646,1461.21898,6.6228105e+03,1.0444880e+01,1.0382754e+03,3.8945143e+00,7.0995850e+03,1.1592468e+01,0,nan,nan,nan,nan,231.58646,1.1273096e-03,1461.21898,1.1628828e-03,-2.8230082e-02,-7.3967315e-02
-0.3088860919274339,1.001442787338915,0.001631751443169792,2601.3419939082514,-4.0266922e-04,989199,231.58318,1461.22297,6.6236494e+03,1.0435524e+01,1.0319543e+03,3.8868673e+00,7.1081875e+03,1.1582084e+01,0,nan,nan,nan,nan,231.58318,1.1271397e-03,1461.22297,1.1618778e-03,-3.0246092e-02,-6.9912270e-02
-0.3074972045233153,1.0031154764323607,0.0016345799013631186,2601.3433827956555,-4.0267009e-04,989200,231.58986,1461.22353,6.6414785e+03,1.0453502e+01,1.0349374e+03,3.8972318e+00,7.1199839e+03,1.1602037e+01,0,nan,nan,nan,nan,231.58986,1.1243024e-03,1461.22353,1.1595986e-03,-2.2474457e-02,-6.9823585e-02
-0.30610831709145714,1.0004743432905492,0.0016326400479670436,2601.3447716830874,-4.0267094e-04,989201,231.58486,1461.22313,6.6247310e+03,1.0440986e+01,1.0328698e+03,3.8890402e+00,7.1011631e+03,1.1588146e+01,0,nan,nan,nan,nan,231.58486,1.1265189e-03,1461.22313,1.1611038e-03,-2.9060109e-02,-6.7654148e-02
-0.30471942965823473,0.9987524845130996,0.001632113072514841,2601.3461605705206,-4.0267178e-04,989202,231.58596,1461.21960,6.6133589e+03,1.0437507e+01,1.0336997e+03,3.8906801e+00,7.0888672e+03,1.1584284e+01,0,nan,nan,nan,nan,231.58596,1.1273142e-03,1461.21960,1.1619536e-03,-2.8254010e-02,-7.1773395e-02
-0.3033305422250123,0.9986578879514018,0.0016327386653111513,2601.347549457954,-4.0267262e-04,989203,231.58914,1461.22190,6.6140967e+03,1.0441399e+01,1.0390166e+03,3.8933442e+00,7.0881216e+03,1.1588603e+01,0,nan,nan,nan,nan,231.58914,1.1273429e-03,1461.22190,1.1619367e-03,-2.4525449e-02,-6.8080708e-02
-0.301941654822258,1.0004561962416718,0.0016333864354396083,2601.3489383453566,-4.0267350e-04,989204,231.58770,1461.22336,6.6274971e+03,1.0445433e+01,1.0374349e+03,3.8932321e+00,7.1008115e+03,1.1593081e+01,0,nan,nan,nan,nan,231.58770,1.1246369e-03,1461.22336,1.1608192e-03,-2.4834417e-02,-6.6794589e-02
-0.3005527673890356,1.0017471582968926,0.0016337147123746574,2601.35032723279,-4.0267434e-04,989205,231.58472,1461.21896,6.6326660e+03,1.0447422e+01,1.0411757e+03,3.8927627e+00,7.1099009e+03,1.1595290e+01,0,nan,nan,nan,nan,231.58472,1.1239434e-03,1461.21896,1.1603133e-03,-2.9233314e-02,-7.2949968e-02
-0.2991638799558132,0.9986106213214184,0.0016318931445823105,2601.351716120223,-4.0267518e-04,989206,231.58841,1461.22347,6.6108091e+03,1.0435668e+01,1.0381902e+03,3.8881145e+00,7.0875664e+03,1.1582243e+01,0,nan,nan,nan,nan,231.58841,1.1265755e-03,1461.22347,1.1633090e-03,-2.6149247e-02,-6.9866404e-02
-0.297774992523955,1.0005123718059912,0.0016327187896505752,2601.353105007655,-4.0267603e-04,989207,231.58929,1461.22609,6.6261030e+03,1.0440840e+01,1.0331543e+03,3.8857217e+00,7.1009912e+03,1.1587984e+01,0,nan,nan,nan,nan,231.58929,1.1254621e-03,1461.22609,1.1606518e-03,-2.4940554e-02,-6.5265216e-02
-0.29638610509118735,1.0005004941699072,0.0016340200176833003,2601.3544938950877,-4.0267687e-04,989208,231.59106,1461.22537,6.6258765e+03,1.0449055e+01,1.0345277e+03,3.8977075e+00,7.1008345e+03,1.1597101e+01,0,nan,nan,nan,nan,231.59106,1.1266122e-03,1461.22537,1.1625607e-03,-2.0920526e-02,-6.5512486e-02
-0.2949972176584197,1.0008416106979245,0.0016351336268067384,2601.3558827825204,-4.0267772e-04,989209,231.58239,1461.22199,6.6248101e+03,1.0456070e+01,1.0378120e+03,3.9044268e+00,7.1031836e+03,1.1604887e+01,0,nan,nan,nan,nan,231.58239,1.1286200e-03,1461.22199,1.1640399e-03,-3.2075647e-02,-7.1637481e-02
-0.29360833022474253,1.0009529813104963,0.0016345908048568012,2601.357271669954,-4.0267856e-04,989210,231.59026,1461.22288,6.6286338e+03,1.0452494e+01,1.0343076e+03,3.8932192e+00,7.1039019e+03,1.1600918e+01,0,nan,nan,nan,nan,231.59026,1.1258718e-03,1461.22288,1.1617704e-03,-2.3809426e-02,-6.7192882e-02
-0.29221944279197487,1.0011562782999845,0.0016330419164561252,2601.358660557387,-4.0267940e-04,989211,231.58546,1461.22181,6.6263306e+03,1.0442483e+01,1.0331912e+03,3.8903375e+00,7.1052734e+03,1.1589808e+01,0,nan,nan,nan,nan,231.58546,1.1271773e-03,1461.22181,1.1626739e-03,-2.8797612e-02,-7.3680602e-02
-0.2908305553592072,0.999909540098556,0.001633400836859761,2601.3600494448197,-4.0268025e-04,989212,231.59293,1461.22474,6.6229883e+03,1.0444675e+01,1.0376271e+03,3.8919199e+00,7.0963550e+03,1.1592240e+01,0,nan,nan,nan,nan,231.59293,1.1259944e-03,1461.22474,1.1627733e-03,-2.3458403e-02,-6.6037595e-02
-0.28944166792643955,1.0008620931279946,0.0016329104998605644,2601.3614383322524,-4.0268109e-04,989213,231.58748,1461.22608,6.6245615e+03,1.0441436e+01,1.0361199e+03,3.8921378e+00,7.1030449e+03,1.1588646e+01,0,nan,nan,nan,nan,231.58748,1.1258043e-03,1461.22608,1.1608453e-03,-2.6085645e-02,-6.5384313e-02
-0.2880527804936719,0.9994706325573663,0.0016339638436035726,2601.362827219685,-4.0268194e-04,989214,231.59027,1461.22292,6.6191802e+03,1.0448069e+01,1.0426278e+03,3.8969069e+00,7.0930996e+03,1.1596006e+01,0,nan,nan,nan,nan,231.59027,1.1253767e-03,1461.22292,1.1634872e-03,-2.2925530e-02,-6.6610448e-02
-0.28666389306090423,0.9964870360176897,0.0016308871814238368,2601.364216107118,-4.0268278e-04,989215,231.58273,1461.21552,6.5976206e+03,1.0428294e+01,1.0340125e+03,3.8900292e+00,7.0718560e+03,1.1574059e+01,0,nan,nan,nan,nan,231.58273,1.1288882e-03,1461.21552,1.1645758e-03,-3.2266874e-02,-7.7109702e-02
-0.28527500562813657,1.0012722694378227,0.0016334651709566884,2601.3656049945507,-4.0268362e-04,989216,231.58664,1461.22285,6.6299238e+03,1.0444675e+01,1.0270045e+03,3.8872764e+00,7.1057461e+03,1.1592240e+01,0,nan,nan,nan,nan,231.58664,1.1254326e-03,1461.22285,1.1603871e-03,-2.7576862e-02,-6.9324985e-02
-0.2838861181662651,1.0021007683791627,0.001634494410804048,2601.3669938820126,-4.0268444e-04,989217,231.58655,1461.22274,6.6348213e+03,1.0451155e+01,1.0345463e+03,3.8910687e+00,7.1115571e+03,1.1599432e+01,0,nan,nan,nan,nan,231.58655,1.1240687e-03,1461.22274,1.1604722e-03,-2.7337734e-02,-6.8504564e-02
-0.2824972307334974,1.0012044629856391,0.0016350032641638222,2601.3683827694454,-4.0268528e-04,989218,231.59227,1461.22804,6.6282402e+03,1.0454308e+01,1.0342933e+03,3.8958151e+00,7.1051274e+03,1.1602931e+01,0,nan,nan,nan,nan,231.59227,1.1252419e-03,1461.22804,1.1651999e-03,-2.1283992e-02,-6.3380904e-02
-0.28110834330072976,0.9995000388302293,0.0016339591031850806,2601.369771656878,-4.0268613e-04,989219,231.58863,1461.22259,6.6165674e+03,1.0447531e+01,1.0308311e+03,3.9009225e+00,7.0929634e+03,1.1595409e+01,0,nan,nan,nan,nan,231.58863,1.1296232e-03,1461.22259,1.1635114e-03,-2.5149276e-02,-6.9344655e-02
-0.2797194558679621,0.9987017153344374,0.0016324589354893377,2601.371160544311,-4.0268697e-04,989220,231.58563,1461.22461,6.6129907e+03,1.0437839e+01,1.0387765e+03,3.8893795e+00,7.0872305e+03,1.1584653e+01,0,nan,nan,nan,nan,231.58563,1.1273918e-03,1461.22461,1.1629760e-03,-2.8260928e-02,-6.7319930e-02
-0.2783305684060906,0.999122818082116,0.001632152420103063,2601.3725494317728,-4.0268779e-04,989221,231.58432,1461.21770,6.6137192e+03,1.0435780e+01,1.0362880e+03,3.8913281e+00,7.0901514e+03,1.1582368e+01,0,nan,nan,nan,nan,231.58432,1.1273986e-03,1461.21770,1.1612249e-03,-2.8455863e-02,-7.6459199e-02
-0.27694168097332295,0.9978664676814544,0.0016316788523720075,2601.3739383192055,-4.0268863e-04,989222,231.58354,1461.21771,6.6062915e+03,1.0432653e+01,1.0350304e+03,3.8926284e+00,7.0811689e+03,1.1578897e+01,0,nan,nan,nan,nan,231.58354,1.1277444e-03,1461.21771,1.1630045e-03,-3.0785225e-02,-7.4278690e-02
-0.27555279354010054,0.9969888473654722,0.001632156749319631,2601.3753272066388,-4.0268947e-04,989223,231.58867,1461.22143,6.6016040e+03,1.0435611e+01,1.0407532e+03,3.8974690e+00,7.0748745e+03,1.1582180e+01,0,nan,nan,nan,nan,231.58867,1.1285120e-03,1461.22143,1.1651474e-03,-2.5835022e-02,-7.0590973e-02
-0.27416390607731955,0.9994134232252472,0.0016326703395154886,2601.3767160941015,-4.0269029e-04,989224,231.59263,1461.23084,6.6136323e+03,1.0438797e+01,1.0382582e+03,3.8917437e+00,7.0920137e+03,1.1585716e+01,0,nan,nan,nan,nan,231.59263,1.1259477e-03,1461.23084,1.1650759e-03,-1.7894747e-02,-5.8043350e-02
-0.2727750186445519,0.9995812205414812,0.0016334029017361184,2601.3781049815343,-4.0269113e-04,989225,231.58698,1461.22263,6.6179971e+03,1.0443384e+01,1.0369041e+03,3.8941543e+00,7.0931382e+03,1.1590807e+01,0,nan,nan,nan,nan,231.58698,1.1260303e-03,1461.22263,1.1625055e-03,-2.6939359e-02,-6.8631761e-02
-0.271386131212239,0.9993990256432873,0.0016344837746522939,2601.3794938689666,-4.0269198e-04,989226,231.58753,1461.22480,6.6186792e+03,1.0450197e+01,1.0415834e+03,3.9030206e+00,7.0917798e+03,1.1598370e+01,0,nan,nan,nan,nan,231.58753,1.1262422e-03,1461.22480,1.1634981e-03,-2.5349708e-02,-6.5901533e-02
-0.2699972437503675,0.9995300324123501,0.0016320418070514034,2601.3808827564285,-4.0269279e-04,989227,231.58429,1461.21632,6.6120254e+03,1.0434488e+01,1.0357086e+03,3.8877091e+00,7.0926445e+03,1.1580935e+01,0,nan,nan,nan,nan,231.58429,1.1287219e-03,1461.21632,1.1631788e-03,-2.9362794e-02,-7.7660263e-02
-0.26860835631759983,1.0002932964267015,0.0016336753945306618,2601.3822716438613,-4.0269364e-04,989228,231.58697,1461.22193,6.6231567e+03,1.0444838e+01,1.0367037e+03,3.8914616e+00,7.0979956e+03,1.1592421e+01,0,nan,nan,nan,nan,231.58697,1.1260487e-03,1461.22193,1.1617716e-03,-2.6140412e-02,-7.0756137e-02
-0.26721946885572834,1.0010375508127372,0.0016348985459231089,2601.383660531323,-4.0269445e-04,989229,231.59006,1461.22840,6.6257642e+03,1.0452563e+01,1.0334127e+03,3.8960013e+00,7.1032124e+03,1.1600995e+01,0,nan,nan,nan,nan,231.59006,1.1274620e-03,1461.22840,1.1630022e-03,-2.4286024e-02,-6.3792288e-02
-0.2658305814229607,1.0001163443701497,0.0016332728321657006,2601.385049418756,-4.0269530e-04,989230,231.58825,1461.22141,6.6184072e+03,1.0442076e+01,1.0341902e+03,3.8915892e+00,7.0966113e+03,1.1589355e+01,0,nan,nan,nan,nan,231.58825,1.1271364e-03,1461.22141,1.1635056e-03,-2.6346618e-02,-6.9474861e-02
-0.2644416939610892,0.9997883763822595,0.001632856027794648,2601.3864383062178,-4.0269611e-04,989231,231.58562,1461.22505,6.6173101e+03,1.0439317e+01,1.0296602e+03,3.8897457e+00,7.0942202e+03,1.1586292e+01,0,nan,nan,nan,nan,231.58562,1.1288966e-03,1461.22505,1.1640486e-03,-2.6953062e-02,-6.7084074e-02
-0.2630528064992177,0.9999132246672774,0.0016332138869901466,2601.3878271936796,-4.0269693e-04,989232,231.58974,1461.22367,6.6198389e+03,1.0441510e+01,1.0311062e+03,3.8897007e+00,7.0950430e+03,1.1588728e+01,0,nan,nan,nan,nan,231.58974,1.1257958e-03,1461.22367,1.1623916e-03,-2.5768938e-02,-6.8632022e-02
-0.26166391906735953,1.0002786313165586,0.0016330192301100993,2601.3892160811115,-4.0269777e-04,989233,231.58711,1461.22296,6.6223535e+03,1.0440174e+01,1.0333156e+03,3.8877563e+00,7.0975728e+03,1.1587244e+01,0,nan,nan,nan,nan,231.58711,1.1260892e-03,1461.22296,1.1630907e-03,-2.8342055e-02,-7.1396552e-02
-0.2602750316050333,0.9977963985859534,0.001632428651159575,2601.390604968574,-4.0269858e-04,989234,231.58633,1461.21730,6.6084746e+03,1.0436307e+01,1.0359659e+03,3.8947806e+00,7.0798975e+03,1.1582952e+01,0,nan,nan,nan,nan,231.58633,1.1281670e-03,1461.21730,1.1634285e-03,-2.6821760e-02,-7.6612815e-02
-0.2588861441718109,0.9997088168718712,0.0016342294260532299,2601.391993856007,-4.0269943e-04,989235,231.58428,1461.22152,6.6166465e+03,1.0447725e+01,1.0411390e+03,3.8969576e+00,7.0934048e+03,1.1595627e+01,0,nan,nan,nan,nan,231.58428,1.1297060e-03,1461.22152,1.1620676e-03,-2.9081430e-02,-7.0141748e-02
-0.2574972567099394,1.0026506157739763,0.0016341127055844403,2601.393382743469,-4.0270024e-04,989236,231.58593,1461.22218,6.6368188e+03,1.0446889e+01,1.0351239e+03,3.8859723e+00,7.1142163e+03,1.1594698e+01,0,nan,nan,nan,nan,231.58593,1.1244916e-03,1461.22218,1.1588266e-03,-2.7971081e-02,-7.0312858e-02
-0.2561083692471584,1.0009109736407427,0.0016328499673365108,2601.3947716309317,-4.0270106e-04,989237,231.59392,1461.23117,6.6262812e+03,1.0438726e+01,1.0339509e+03,3.8876424e+00,7.1018110e+03,1.1585638e+01,0,nan,nan,nan,nan,231.59392,1.1243823e-03,1461.23117,1.1615502e-03,-1.8850435e-02,-5.8194153e-02
-0.2547194817852869,0.9997059446202033,0.001633450410540325,2601.3961605183936,-4.0270187e-04,989238,231.58912,1461.22315,6.6182271e+03,1.0442475e+01,1.0247648e+03,3.8921230e+00,7.0931997e+03,1.1589798e+01,0,nan,nan,nan,nan,231.58912,1.1267944e-03,1461.22315,1.1637246e-03,-2.5804307e-02,-6.8063818e-02
-0.253330594352974,0.9998275695904528,0.0016336613373667394,2601.397549405826,-4.0270272e-04,989239,231.58433,1461.21782,6.6196016e+03,1.0443733e+01,1.0350464e+03,3.8946493e+00,7.0940020e+03,1.1591195e+01,0,nan,nan,nan,nan,231.58433,1.1274724e-03,1461.21782,1.1614313e-03,-3.0302214e-02,-7.4360333e-02
-0.2519417068911025,0.9998707463889609,0.0016328237585386141,2601.3989382932878,-4.0270353e-04,989240,231.58382,1461.21898,6.6189434e+03,1.0438290e+01,1.0373037e+03,3.8897576e+00,7.0942480e+03,1.1585154e+01,0,nan,nan,nan,nan,231.58382,1.1258214e-03,1461.21898,1.1607910e-03,-3.0870615e-02,-7.3827952e-02
-0.2505528194287763,0.9985660009368957,0.001632722907760307,2601.40032718075,-4.0270435e-04,989241,231.58453,1461.22108,6.6113970e+03,1.0437557e+01,1.0381310e+03,3.8921089e+00,7.0849307e+03,1.1584340e+01,0,nan,nan,nan,nan,231.58453,1.1270931e-03,1461.22108,1.1620064e-03,-2.8703675e-02,-7.2256751e-02
-0.24916393196781428,0.9982115182288368,0.0016331824903269407,2601.401716068211,-4.0270516e-04,989242,231.58753,1461.22268,6.6087627e+03,1.0440407e+01,1.0424974e+03,3.8967891e+00,7.0823560e+03,1.1587503e+01,0,nan,nan,nan,nan,231.58753,1.1276199e-03,1461.22268,1.1632650e-03,-2.3389157e-02,-6.7353711e-02
-0.24777504450548804,0.999559340633112,0.0016342861912202844,2601.4031049556734,-4.0270598e-04,989243,231.58699,1461.22119,6.6155449e+03,1.0447375e+01,1.0378170e+03,3.8975694e+00,7.0918594e+03,1.1595238e+01,0,nan,nan,nan,nan,231.58699,1.1275446e-03,1461.22119,1.1641298e-03,-2.7819924e-02,-6.9652386e-02
-0.2463861570431618,0.9990386468147179,0.0016328165150494955,2601.4044938431357,-4.0270679e-04,989244,231.58750,1461.22246,6.6132056e+03,1.0437894e+01,1.0352170e+03,3.8882577e+00,7.0881064e+03,1.1584714e+01,0,nan,nan,nan,nan,231.58750,1.1271766e-03,1461.22246,1.1640434e-03,-2.3212494e-02,-6.7115664e-02
-0.2449972695821998,0.9979231409634773,0.001633815877675525,2601.4058827305967,-4.0270761e-04,989245,231.58847,1461.22489,6.6081177e+03,1.0444196e+01,1.0396639e+03,3.9061906e+00,7.0801333e+03,1.1591709e+01,0,nan,nan,nan,nan,231.58847,1.1271955e-03,1461.22489,1.1638263e-03,-2.3028260e-02,-6.5324180e-02
-0.2436083821489774,1.0008975262147686,0.0016330527943461768,2601.40727161803,-4.0270845e-04,989246,231.58453,1461.22174,6.6249790e+03,1.0439233e+01,1.0385530e+03,3.8865101e+00,7.1011782e+03,1.1586200e+01,0,nan,nan,nan,nan,231.58453,1.1257604e-03,1461.22174,1.1608403e-03,-3.0142860e-02,-7.0074700e-02
-0.24221949468665116,1.0001668245852129,0.0016334898290740992,2601.408660505492,-4.0270927e-04,989247,231.58639,1461.21831,6.6201836e+03,1.0441940e+01,1.0358347e+03,3.8898561e+00,7.0959360e+03,1.1589206e+01,0,nan,nan,nan,nan,231.58639,1.1278274e-03,1461.21831,1.1638131e-03,-2.8734155e-02,-7.5601295e-02
-0.24083060722568916,1.0000410871716612,0.0016325715639667017,2601.410049392953,-4.0271008e-04,989248,231.58607,1461.22108,6.6190718e+03,1.0435987e+01,1.0311786e+03,3.8852515e+00,7.0949868e+03,1.1582598e+01,0,nan,nan,nan,nan,231.58607,1.1251909e-03,1461.22108,1.1609324e-03,-2.7821990e-02,-6.9951065e-02
-0.2394417197342591,1.0021817239258652,0.001633020667464513,2601.4114382804446,-4.0271087e-04,989249,231.58620,1461.21978,6.6341821e+03,1.0438774e+01,1.0278394e+03,3.8848569e+00,7.1101162e+03,1.1585690e+01,0,nan,nan,nan,nan,231.58620,1.1249948e-03,1461.21978,1.1581106e-03,-2.7100541e-02,-6.9857426e-02
-0.2380528322714781,0.9994030362644675,0.0016329654242735949,2601.4128271679074,-4.0271168e-04,989250,231.58908,1461.22196,6.6129111e+03,1.0438337e+01,1.0335693e+03,3.8901076e+00,7.0903462e+03,1.1585206e+01,0,nan,nan,nan,nan,231.58908,1.1281285e-03,1461.22196,1.1624849e-03,-2.2928359e-02,-6.8092607e-02
-0.23666394480915187,1.0000428043850595,0.0016330784962724795,2601.4142160553697,-4.0271250e-04,989251,231.59047,1461.22647,6.6198613e+03,1.0438977e+01,1.0286632e+03,3.8834944e+00,7.0948286e+03,1.1585917e+01,0,nan,nan,nan,nan,231.59047,1.1253089e-03,1461.22647,1.1640233e-03,-2.4141757e-02,-6.5700203e-02
-0.23527505734728038,0.9992639499232697,0.0016335257264322492,2601.4156049428316,-4.0271331e-04,989252,231.58663,1461.22078,6.6135010e+03,1.0441753e+01,1.0386348e+03,3.8978672e+00,7.0892471e+03,1.1588998e+01,0,nan,nan,nan,nan,231.58663,1.1270413e-03,1461.22078,1.1629158e-03,-2.7535958e-02,-6.8802215e-02
-0.2338861698854089,1.0017208085321958,0.0016348145495573769,2601.4169938302934,-4.0271413e-04,989253,231.58487,1461.22406,6.6296094e+03,1.0449910e+01,1.0322261e+03,3.8908062e+00,7.1066216e+03,1.1598050e+01,0,nan,nan,nan,nan,231.58487,1.1265303e-03,1461.22406,1.1624336e-03,-2.8824197e-02,-6.9326445e-02
-0.2324972824244469,1.0012426483873769,0.0016350584936623812,2601.4183827177544,-4.0271494e-04,989254,231.58325,1461.21934,6.6263296e+03,1.0451387e+01,1.0314052e+03,3.8939807e+00,7.1031743e+03,1.1599690e+01,0,nan,nan,nan,nan,231.58325,1.1262534e-03,1461.21934,1.1630412e-03,-3.0442808e-02,-7.4742444e-02
-0.23110839496212066,0.9982669073084611,0.0016325780112398966,2601.4197716052167,-4.0271576e-04,989255,231.58386,1461.21976,6.6068252e+03,1.0435452e+01,1.0415919e+03,3.8947761e+00,7.0820083e+03,1.1582004e+01,0,nan,nan,nan,nan,231.58386,1.1287950e-03,1461.21976,1.1643313e-03,-2.9072409e-02,-7.1384206e-02
-0.22971950749979442,0.998862631246741,0.0016334325852469002,2601.421160492679,-4.0271657e-04,989256,231.59046,1461.22474,6.6104917e+03,1.0440834e+01,1.0364668e+03,3.9027994e+00,7.0861802e+03,1.1587977e+01,0,nan,nan,nan,nan,231.59046,1.1279725e-03,1461.22474,1.1637356e-03,-2.1352611e-02,-6.8014316e-02
-0.2283306200097286,0.9963162385805138,0.0016314444059178834,2601.422549380169,-4.0271736e-04,989257,231.58349,1461.22081,6.5944683e+03,1.0428046e+01,1.0392721e+03,3.8915882e+00,7.0680615e+03,1.1573785e+01,0,nan,nan,nan,nan,231.58349,1.1290152e-03,1461.22081,1.1650282e-03,-3.1084178e-02,-6.9077067e-02
-0.2269417325478571,0.9998869270940453,0.0016324298123920368,2601.423938267631,-4.0271817e-04,989258,231.59248,1461.22657,6.6187485e+03,1.0434266e+01,1.0321224e+03,3.8872962e+00,7.0933389e+03,1.1580688e+01,0,nan,nan,nan,nan,231.59248,1.1240770e-03,1461.22657,1.1619576e-03,-2.1078272e-02,-6.4610191e-02
-0.2255528450859856,1.000762742497681,0.0016348752623830199,2601.425327155093,-4.0271899e-04,989259,231.58755,1461.21919,6.6229419e+03,1.0449819e+01,1.0436044e+03,3.9000704e+00,7.0994990e+03,1.1597949e+01,0,nan,nan,nan,nan,231.58755,1.1267749e-03,1461.21919,1.1622268e-03,-2.6250385e-02,-7.1157731e-02
-0.2241639575950103,0.9983448047643368,0.0016335564825427805,2601.426716042584,-4.0271977e-04,989260,231.58932,1461.22422,6.6085630e+03,1.0441312e+01,1.0434333e+03,3.8955946e+00,7.0822930e+03,1.1588507e+01,0,nan,nan,nan,nan,231.58932,1.1286839e-03,1461.22422,1.1636348e-03,-2.4920622e-02,-6.4542793e-02
-0.2227750701331388,1.0032047970319915,0.0016345358429792627,2601.4281049300457,-4.0272059e-04,989261,231.58496,1461.22232,6.6391006e+03,1.0447494e+01,1.0334548e+03,3.8881636e+00,7.1167173e+03,1.1595368e+01,0,nan,nan,nan,nan,231.58496,1.1245896e-03,1461.22232,1.1593148e-03,-2.7710605e-02,-7.1175799e-02
-0.2213861826712673,1.0008686690503723,0.0016334717662138168,2601.4294938175076,-4.0272140e-04,989262,231.58336,1461.22200,6.6237412e+03,1.0440615e+01,1.0341107e+03,3.8892305e+00,7.1000923e+03,1.1587734e+01,0,nan,nan,nan,nan,231.58336,1.1259000e-03,1461.22200,1.1611542e-03,-3.0449077e-02,-7.1045481e-02
-0.2199972951793825,0.9994411757095147,0.0016329934927242589,2601.4308827049995,-4.0272219e-04,989263,231.58736,1461.22068,6.6141396e+03,1.0437483e+01,1.0344884e+03,3.8887634e+00,7.0899141e+03,1.1584257e+01,0,nan,nan,nan,nan,231.58736,1.1291292e-03,1461.22068,1.1622757e-03,-2.7599888e-02,-7.0150085e-02
-0.218608407717511,1.0007204583807243,0.0016337456864987474,2601.4322715924613,-4.0272300e-04,989264,231.58986,1461.22181,6.6234775e+03,1.0442214e+01,1.0302335e+03,3.8900239e+00,7.0989375e+03,1.1589509e+01,0,nan,nan,nan,nan,231.58986,1.1267357e-03,1461.22181,1.1613012e-03,-2.2990249e-02,-6.9427259e-02
-0.21721952022608093,1.0011762485880438,0.00163273074264226,2601.433660479953,-4.0272379e-04,989265,231.58430,1461.22047,6.6259419e+03,1.0435652e+01,1.0286207e+03,3.8859737e+00,7.1021196e+03,1.1582226e+01,0,nan,nan,nan,nan,231.58430,1.1251626e-03,1461.22047,1.1600902e-03,-3.0066658e-02,-7.2704248e-02
-0.2158306327637547,0.9976911315621676,0.0016316486801458397,2601.435049367415,-4.0272460e-04,989266,231.59247,1461.22772,6.6015889e+03,1.0428661e+01,1.0363718e+03,3.8916559e+00,7.0773462e+03,1.1574467e+01,0,nan,nan,nan,nan,231.59247,1.1291197e-03,1461.22772,1.1644856e-03,-2.1033060e-02,-6.1106764e-02
-0.21444174527368887,1.001643760883003,0.001633375372221539,2601.436438254905,-4.0272539e-04,989267,231.58685,1461.22301,6.6275566e+03,1.0439623e+01,1.0300969e+03,3.8864470e+00,7.1053345e+03,1.1586633e+01,0,nan,nan,nan,nan,231.58685,1.1251281e-03,1461.22301,1.1603357e-03,-2.5687343e-02,-6.6594541e-02
-0.21305285781181738,1.0005009748772467,0.0016339083565169651,2601.437827142367,-4.0272620e-04,989268,231.58271,1461.21624,6.6204150e+03,1.0442955e+01,1.0354659e+03,3.8925738e+00,7.0971782e+03,1.1590332e+01,0,nan,nan,nan,nan,231.58271,1.1270577e-03,1461.21624,1.1621237e-03,-3.1762630e-02,-7.8013919e-02
-0.21166397032084205,0.9986172910945819,0.0016331408419577142,2601.439216029858,-4.0272699e-04,989269,231.58500,1461.22506,6.6111465e+03,1.0437977e+01,1.0344852e+03,3.8922958e+00,7.0837666e+03,1.1584806e+01,0,nan,nan,nan,nan,231.58500,1.1276873e-03,1461.22506,1.1627122e-03,-2.8297530e-02,-6.8803079e-02
-0.21027508285897056,0.9995539394366123,0.001632872795767484,2601.44060491732,-4.0272780e-04,989270,231.58887,1461.22380,6.6168828e+03,1.0436192e+01,1.0343801e+03,3.8860915e+00,7.0903613e+03,1.1582825e+01,0,nan,nan,nan,nan,231.58887,1.1256572e-03,1461.22380,1.1631402e-03,-2.3834093e-02,-6.7664400e-02
-0.20888619536799524,0.999921819441857,0.0016330243860932661,2601.441993804811,-4.0272859e-04,989271,231.58876,1461.22274,6.6166987e+03,1.0437089e+01,1.0347831e+03,3.8896489e+00,7.0929219e+03,1.1583820e+01,0,nan,nan,nan,nan,231.58876,1.1259204e-03,1461.22274,1.1623516e-03,-2.6810369e-02,-6.9975466e-02
-0.20749730787701992,1.0019327708520278,0.0016343605976606567,2601.443382692302,-4.0272938e-04,989272,231.58466,1461.22264,6.6317910e+03,1.0445558e+01,1.0355645e+03,3.8898523e+00,7.1071377e+03,1.1593220e+01,0,nan,nan,nan,nan,231.58466,1.1253717e-03,1461.22264,1.1605609e-03,-2.8570868e-02,-7.0245810e-02
-0.20610842041514843,0.9979924912346894,0.0016338821405479658,2601.4447715797637,-4.0273019e-04,989273,231.58784,1461.22121,6.6019360e+03,1.0442428e+01,1.0387140e+03,3.8996205e+00,7.0791401e+03,1.1589746e+01,0,nan,nan,nan,nan,231.58784,1.1299009e-03,1461.22121,1.1655762e-03,-2.6213491e-02,-7.1672544e-02
-0.2047195329241731,1.0011806390533116,0.0016337650454433786,2601.4461604672547,-4.0273098e-04,989274,231.58826,1461.22329,6.6247520e+03,1.0441610e+01,1.0375732e+03,3.8895142e+00,7.1017070e+03,1.1588839e+01,0,nan,nan,nan,nan,231.58826,1.1247855e-03,1461.22329,1.1610565e-03,-2.6138615e-02,-6.7864813e-02
-0.2033306454331978,0.9998811874741945,0.0016321597256398145,2601.4475493547457,-4.0273176e-04,989275,231.58368,1461.22352,6.6157202e+03,1.0431281e+01,1.0312628e+03,3.8821461e+00,7.0924419e+03,1.1577374e+01,0,nan,nan,nan,nan,231.58368,1.1268080e-03,1461.22352,1.1610498e-03,-2.9070888e-02,-6.9338232e-02
-0.20194175794176772,0.9982768817001694,0.0016328821592880378,2601.448938242237,-4.0273255e-04,989276,231.58859,1461.21903,6.6069424e+03,1.0435829e+01,1.0336064e+03,3.8990657e+00,7.0810151e+03,1.1582421e+01,0,nan,nan,nan,nan,231.58859,1.1288972e-03,1461.21903,1.1633146e-03,-2.3542844e-02,-7.3196851e-02
-0.20055287047898673,1.0002714543370288,0.001632860030382295,2601.4503271297,-4.0273336e-04,989277,231.58609,1461.22336,6.6198975e+03,1.0435618e+01,1.0307909e+03,3.8852975e+00,7.0951167e+03,1.1582189e+01,0,nan,nan,nan,nan,231.58609,1.1255819e-03,1461.22336,1.1610287e-03,-2.5973385e-02,-6.8198085e-02
-0.19916398298755666,1.0017567466678174,0.0016350123088378424,2601.4517160171913,-4.0273415e-04,989278,231.58684,1461.22484,6.6285327e+03,1.0449305e+01,1.0385479e+03,3.8986101e+00,7.1056055e+03,1.1597379e+01,0,nan,nan,nan,nan,231.58684,1.1252383e-03,1461.22484,1.1626210e-03,-2.7587915e-02,-6.7687795e-02
-0.19777509549749084,1.0009663123879449,0.0016346289061663416,2601.4531049046814,-4.0273494e-04,989279,231.58760,1461.22135,6.6238691e+03,1.0446788e+01,1.0323307e+03,3.8924515e+00,7.0999531e+03,1.1594584e+01,0,nan,nan,nan,nan,231.58760,1.1263902e-03,1461.22135,1.1612981e-03,-2.7849134e-02,-7.0233956e-02
-0.19638620800606077,1.001529029539616,0.001634024638719202,2601.454493792173,-4.0273572e-04,989280,231.58669,1461.22172,6.6268579e+03,1.0442859e+01,1.0335684e+03,3.8910317e+00,7.1038984e+03,1.1590224e+01,0,nan,nan,nan,nan,231.58669,1.1246509e-03,1461.22172,1.1604147e-03,-2.7989181e-02,-7.0583940e-02
-0.1949973205146307,0.9986068874926681,0.0016321484284910264,2601.4558826796642,-4.0273651e-04,989281,231.59036,1461.22499,6.6070659e+03,1.0430801e+01,1.0302255e+03,3.8903115e+00,7.0831270e+03,1.1576842e+01,0,nan,nan,nan,nan,231.59036,1.1261216e-03,1461.22499,1.1638005e-03,-2.2624873e-02,-6.6626430e-02
-0.19360843302456487,1.0003880805016963,0.0016328545240950176,2601.4572715671543,-4.0273729e-04,989282,231.58505,1461.22134,6.6200332e+03,1.0435249e+01,1.0319008e+03,3.8839121e+00,7.0957158e+03,1.1581778e+01,0,nan,nan,nan,nan,231.58505,1.1262614e-03,1461.22134,1.1623988e-03,-2.9759465e-02,-7.1974665e-02
-0.19221954553449905,1.002658102410678,0.001633692730350684,2601.4586604546444,-4.0273808e-04,989283,231.58806,1461.22163,6.6346655e+03,1.0440540e+01,1.0267705e+03,3.8804944e+00,7.1117725e+03,1.1587650e+01,0,nan,nan,nan,nan,231.58806,1.1243157e-03,1461.22163,1.1595663e-03,-2.3672819e-02,-6.6405475e-02
-0.19083065804306898,1.0027946783058306,0.0016338449754296654,2601.460049342136,-4.0273886e-04,989284,231.58494,1461.22525,6.6326963e+03,1.0441447e+01,1.0287174e+03,3.8828163e+00,7.1126968e+03,1.1588658e+01,0,nan,nan,nan,nan,231.58494,1.1245729e-03,1461.22525,1.1605077e-03,-2.8414434e-02,-6.5503627e-02
-0.1894417705516389,0.9977542246219823,0.0016329845044252616,2601.461438229627,-4.0273965e-04,989285,231.58757,1461.22345,6.6050464e+03,1.0435884e+01,1.0376561e+03,3.8939142e+00,7.0769023e+03,1.1582483e+01,0,nan,nan,nan,nan,231.58757,1.1284136e-03,1461.22345,1.1637114e-03,-2.5136614e-02,-6.7359321e-02
-0.18805288306157308,0.9994941253356009,0.0016325116472442644,2601.4628271171173,-4.0274044e-04,989286,231.59166,1461.22763,6.6153467e+03,1.0432798e+01,1.0346129e+03,3.8847704e+00,7.0891997e+03,1.1579059e+01,0,nan,nan,nan,nan,231.59166,1.1250700e-03,1461.22763,1.1637437e-03,-1.9775607e-02,-6.1991323e-02
-0.18666399557014302,1.0002733227087113,0.0016332777227185515,2601.4642160046087,-4.0274122e-04,989287,231.58345,1461.21822,6.6153921e+03,1.0437632e+01,1.0354664e+03,3.8948426e+00,7.0946836e+03,1.1584422e+01,0,nan,nan,nan,nan,231.58345,1.1283753e-03,1461.21822,1.1625590e-03,-3.2113913e-02,-7.4049681e-02
-0.18527510807871295,0.9993162021493368,0.001632767387880714,2601.4656048921,-4.0274201e-04,989288,231.58738,1461.22137,6.6118804e+03,1.0434308e+01,1.0325637e+03,3.8883262e+00,7.0878525e+03,1.1580733e+01,0,nan,nan,nan,nan,231.58738,1.1275763e-03,1461.22137,1.1629420e-03,-2.6933560e-02,-7.2835252e-02
-0.18388622058864712,0.99962677881851,0.0016336976688796551,2601.46699377959,-4.0274279e-04,989289,231.58244,1461.21684,6.6139736e+03,1.0440190e+01,1.0384769e+03,3.8958356e+00,7.0900132e+03,1.1587262e+01,0,nan,nan,nan,nan,231.58244,1.1286314e-03,1461.21684,1.1612468e-03,-3.2727517e-02,-7.4150391e-02
-0.1824973330967623,0.9988030536103069,0.0016330837598386402,2601.468382667082,-4.0274358e-04,989290,231.58813,1461.22111,6.6113433e+03,1.0436206e+01,1.0326578e+03,3.8900175e+00,7.0841289e+03,1.1582840e+01,0,nan,nan,nan,nan,231.58813,1.1280577e-03,1461.22111,1.1628267e-03,-2.4985731e-02,-7.0870750e-02
-0.1811084456048775,0.9984103138023401,0.0016318689413715758,2601.469771554574,-4.0274436e-04,989291,231.58587,1461.22016,6.6081665e+03,1.0428381e+01,1.0316768e+03,3.8851652e+00,7.0813018e+03,1.1574156e+01,0,nan,nan,nan,nan,231.58587,1.1270037e-03,1461.22016,1.1622087e-03,-2.6520709e-02,-7.1554892e-02
-0.17971955811390217,1.0036143614431272,0.0016354293429041073,2601.471160442065,-4.0274515e-04,989292,231.58986,1461.22820,6.6398726e+03,1.0451074e+01,1.0375492e+03,3.8908715e+00,7.1181704e+03,1.1599341e+01,0,nan,nan,nan,nan,231.58986,1.1237391e-03,1461.22820,1.1600878e-03,-2.2643510e-02,-6.2384933e-02
-0.17833067062292685,0.9990494880681315,0.001632321653522016,2601.472549329556,-4.0274594e-04,989293,231.58329,1461.22447,6.6102031e+03,1.0431154e+01,1.0334907e+03,3.8895295e+00,7.0857534e+03,1.1577233e+01,0,nan,nan,nan,nan,231.58329,1.1278549e-03,1461.22447,1.1632149e-03,-2.8824056e-02,-7.0350215e-02
-0.1769417831028477,1.000408022174014,0.0016339786089994534,2601.473938217076,-4.0274669e-04,989294,231.58735,1461.22072,6.6193828e+03,1.0441683e+01,1.0363514e+03,3.8923118e+00,7.0953486e+03,1.1588920e+01,0,nan,nan,nan,nan,231.58735,1.1259175e-03,1461.22072,1.1621303e-03,-2.3244737e-02,-6.9449902e-02
-0.17555289561232712,0.9982996778551195,0.0016332085111464912,2601.4753271045665,-4.0274748e-04,989295,231.58542,1461.22057,6.6070288e+03,1.0436704e+01,1.0350786e+03,3.8942168e+00,7.0803555e+03,1.1583392e+01,0,nan,nan,nan,nan,231.58542,1.1284506e-03,1461.22057,1.1642377e-03,-2.7924722e-02,-7.1609788e-02
-0.1741640081213518,1.0006637849369568,0.0016337706685894261,2601.4767159920575,-4.0274826e-04,989296,231.58569,1461.22745,6.6177793e+03,1.0440237e+01,1.0292607e+03,3.8927701e+00,7.0970830e+03,1.1587315e+01,0,nan,nan,nan,nan,231.58569,1.1275772e-03,1461.22745,1.1620896e-03,-2.7099395e-02,-6.2348735e-02
-0.1727751206008179,1.0008526201583519,0.0016347454287687592,2601.478104879578,-4.0274902e-04,989297,231.58641,1461.22317,6.6206621e+03,1.0446408e+01,1.0308900e+03,3.8912487e+00,7.0983828e+03,1.1594164e+01,0,nan,nan,nan,nan,231.58641,1.1277329e-03,1461.22317,1.1651895e-03,-2.5351699e-02,-6.8345554e-02
-0.17138623311075207,0.9950775915605424,0.0016316150708579555,2601.479493767068,-4.0274981e-04,989298,231.58426,1461.21353,6.5841431e+03,1.0426347e+01,1.0413822e+03,3.8954649e+00,7.0573857e+03,1.1571898e+01,0,nan,nan,nan,nan,231.58426,1.1306828e-03,1461.21353,1.1661213e-03,-3.1554572e-02,-7.9015613e-02
-0.169997345619322,0.9981545959964102,0.0016333323780545349,2601.4808826545595,-4.0275059e-04,989299,231.58426,1461.22527,6.6058882e+03,1.0437264e+01,1.0378505e+03,3.8960392e+00,7.0791704e+03,1.1584016e+01,0,nan,nan,nan,nan,231.58426,1.1292159e-03,1461.22527,1.1640231e-03,-2.7437665e-02,-6.6172585e-02
-0.1686084580987881,0.999937419228813,0.0016334965561375495,2601.48227154208,-4.0275135e-04,989300,231.58368,1461.21864,6.6155107e+03,1.0438257e+01,1.0269233e+03,3.8905156e+00,7.0917764e+03,1.1585117e+01,0,nan,nan,nan,nan,231.58368,1.1278231e-03,1461.21864,1.1616541e-03,-2.8711982e-02,-7.3509254e-02
-0.16721957060872228,1.0009473009851484,0.0016340826677415433,2601.48366042957,-4.0275214e-04,989301,231.58612,1461.22230,6.6220366e+03,1.0441946e+01,1.0365481e+03,3.8902566e+00,7.0989009e+03,1.1589212e+01,0,nan,nan,nan,nan,231.58612,1.1261478e-03,1461.22230,1.1636938e-03,-2.5200387e-02,-7.0025891e-02
-0.16583068308818838,0.9979523107428452,0.001633266825640726,2601.4850493170907,-4.0275289e-04,989302,231.58913,1461.22059,6.6035996e+03,1.0436679e+01,1.0351062e+03,3.8940074e+00,7.0776226e+03,1.1583365e+01,0,nan,nan,nan,nan,231.58913,1.1281067e-03,1461.22059,1.1637844e-03,-2.3995597e-02,-6.8239257e-02
-0.16444179559630356,0.9984241683372,0.0016324459930516435,2601.4864382045826,-4.0275368e-04,989303,231.59027,1461.23413,6.6055371e+03,1.0431379e+01,1.0333722e+03,3.8864713e+00,7.0809321e+03,1.1577484e+01,0,nan,nan,nan,nan,231.59027,1.1272357e-03,1461.23413,1.1642568e-03,-2.1638298e-02,-5.6146804e-02
-0.1630529081048735,0.9988642236828326,0.0016330763857421674,2601.487827092074,-4.0275446e-04,989304,231.58673,1461.21910,6.6091982e+03,1.0435354e+01,1.0387697e+03,3.8935525e+00,7.0840166e+03,1.1581895e+01,0,nan,nan,nan,nan,231.58673,1.1281954e-03,1461.21910,1.1637023e-03,-2.8049964e-02,-7.4922681e-02
-0.16166402058479434,0.9979249175447941,0.001632047040985179,2601.489215979594,-4.0275522e-04,989305,231.58512,1461.22179,6.6026016e+03,1.0428722e+01,1.0331080e+03,3.8878005e+00,7.0773188e+03,1.1574535e+01,0,nan,nan,nan,nan,231.58512,1.1267816e-03,1461.22179,1.1624771e-03,-2.7880885e-02,-7.2327375e-02
-0.1602751330647152,0.9975917033536862,0.001631958769840447,2601.490604867114,-4.0275598e-04,989306,231.58359,1461.22216,6.5976650e+03,1.0428106e+01,1.0312605e+03,3.8923085e+00,7.0749199e+03,1.1573851e+01,0,nan,nan,nan,nan,231.58359,1.1291711e-03,1461.22216,1.1661915e-03,-2.9450396e-02,-6.8567134e-02
-0.15888624557373987,0.99944728339928,0.0016334658502123987,2601.491993754605,-4.0275676e-04,989307,231.58728,1461.22481,6.6120352e+03,1.0437685e+01,1.0332103e+03,3.8886058e+00,7.0880439e+03,1.1584481e+01,0,nan,nan,nan,nan,231.58728,1.1271257e-03,1461.22481,1.1623908e-03,-2.4651684e-02,-6.6676773e-02
-0.15749735805366072,0.9990244327303479,0.0016331514753418618,2601.493382642125,-4.0275752e-04,989308,231.58554,1461.22109,6.6084365e+03,1.0435624e+01,1.0381204e+03,3.8914566e+00,7.0850103e+03,1.1582194e+01,0,nan,nan,nan,nan,231.58554,1.1276634e-03,1461.22109,1.1649000e-03,-2.6742494e-02,-7.2024986e-02
-0.1561084705626854,1.0002070958829647,0.0016342195828496907,2601.494771529616,-4.0275831e-04,989309,231.59070,1461.22674,6.6188486e+03,1.0442396e+01,1.0323750e+03,3.8928535e+00,7.0933628e+03,1.1589712e+01,0,nan,nan,nan,nan,231.59070,1.1261789e-03,1461.22674,1.1628737e-03,-2.2831051e-02,-6.2645972e-02
-0.154719583043061,0.9987310651620258,0.0016329102203677599,2601.496160417136,-4.0275906e-04,989310,231.58767,1461.22154,6.6088643e+03,1.0433981e+01,1.0334009e+03,3.8903913e+00,7.0828604e+03,1.1580370e+01,0,nan,nan,nan,nan,231.58767,1.1277262e-03,1461.22154,1.1621383e-03,-2.5119236e-02,-7.0402913e-02
-0.1533306955234366,0.9993152249412018,0.001632450549534555,2601.4975493046554,-4.0275982e-04,989311,231.58306,1461.22191,6.6095933e+03,1.0430993e+01,1.0353126e+03,3.8870294e+00,7.0869692e+03,1.1577055e+01,0,nan,nan,nan,nan,231.58306,1.1276114e-03,1461.22191,1.1613278e-03,-3.2204665e-02,-7.0085414e-02
-0.15194180803246127,0.9992593211182336,0.0016338858908795523,2601.4989381921464,-4.0276060e-04,989312,231.59074,1461.22253,6.6119844e+03,1.0440115e+01,1.0350905e+03,3.8967972e+00,7.0865391e+03,1.1587179e+01,0,nan,nan,nan,nan,231.59074,1.1266608e-03,1461.22253,1.1616505e-03,-2.2687387e-02,-6.7864038e-02
-0.15055292051238212,0.9997317598378742,0.0016334855082555612,2601.5003270796665,-4.0276136e-04,989313,231.58581,1461.22338,6.6138384e+03,1.0437508e+01,1.0339392e+03,3.8885636e+00,7.0898564e+03,1.1584285e+01,0,nan,nan,nan,nan,231.58581,1.1263472e-03,1461.22338,1.1640934e-03,-2.6342019e-02,-6.6935718e-02
-0.14916403299230296,0.9985904836933227,0.0016338405193257978,2601.5017159671866,-4.0276212e-04,989314,231.58914,1461.22303,6.6089243e+03,1.0439727e+01,1.0351093e+03,3.9017065e+00,7.0817300e+03,1.1586749e+01,0,nan,nan,nan,nan,231.58914,1.1273695e-03,1461.22303,1.1622913e-03,-2.4402387e-02,-6.7861252e-02
-0.1477751454722238,1.0000331247938057,0.001632252868548793,2601.5031048547066,-4.0276287e-04,989315,231.57998,1461.21883,6.6148604e+03,1.0429535e+01,1.0284536e+03,3.8821478e+00,7.0919282e+03,1.1575437e+01,0,nan,nan,nan,nan,231.57998,1.1271812e-03,1461.21883,1.1631278e-03,-3.2987263e-02,-7.4969023e-02
-0.14638625795123517,0.9989971527547892,0.0016333882624372717,2601.5044937422276,-4.0276363e-04,989316,231.59137,1461.22034,6.6092153e+03,1.0436743e+01,1.0360178e+03,3.8926964e+00,7.0845493e+03,1.1583436e+01,0,nan,nan,nan,nan,231.59137,1.1271697e-03,1461.22034,1.1642824e-03,-2.5475297e-02,-7.3729083e-02
-0.14499737046025984,0.9986662759468311,0.0016327901436550805,2601.5058826297186,-4.0276442e-04,989317,231.58668,1461.22299,6.6087832e+03,1.0432874e+01,1.0333329e+03,3.8850582e+00,7.0821709e+03,1.1579143e+01,0,nan,nan,nan,nan,231.58668,1.1276478e-03,1461.22299,1.1638220e-03,-2.7480235e-02,-6.8255149e-02
-0.14360848293972595,1.0003607463885957,0.001632872580509374,2601.507271517239,-4.0276517e-04,989318,231.58860,1461.22039,6.6191143e+03,1.0433353e+01,1.0258378e+03,3.8869045e+00,7.0941562e+03,1.1579676e+01,0,nan,nan,nan,nan,231.58860,1.1254522e-03,1461.22039,1.1596157e-03,-2.3538675e-02,-6.9459125e-02
-0.14221959541919205,1.0004805757231134,0.0016341022897896915,2601.5086604047597,-4.0276593e-04,989319,231.58653,1461.22228,6.6181094e+03,1.0441166e+01,1.0374795e+03,3.8912902e+00,7.0949746e+03,1.1588346e+01,0,nan,nan,nan,nan,231.58653,1.1271887e-03,1461.22228,1.1611135e-03,-2.7350767e-02,-6.9652997e-02
-0.1408307079000224,1.0023738051283302,0.001634993696587807,2601.510049292279,-4.0276669e-04,989320,231.58507,1461.22299,6.6309033e+03,1.0446816e+01,1.0297184e+03,3.8930743e+00,7.1083696e+03,1.1594617e+01,0,nan,nan,nan,nan,231.58507,1.1258892e-03,1461.22299,1.1613329e-03,-2.8846854e-02,-7.1217500e-02
-0.1394418203794885,0.9971858771421279,0.0016323392751476224,2601.5114381797994,-4.0276744e-04,989321,231.59103,1461.22772,6.5993511e+03,1.0429812e+01,1.0387540e+03,3.8951020e+00,7.0715493e+03,1.1575744e+01,0,nan,nan,nan,nan,231.59103,1.1277938e-03,1461.22772,1.1646732e-03,-2.2600755e-02,-6.3311271e-02
-0.1380529328589546,1.0038659725882426,0.0016359428837069763,2601.51282706732,-4.0276820e-04,989322,231.58823,1461.22180,6.6417188e+03,1.0452792e+01,1.0351251e+03,3.8893969e+00,7.1188916e+03,1.1601250e+01,0,nan,nan,nan,nan,231.58823,1.1239669e-03,1461.22180,1.1593744e-03,-2.6549093e-02,-6.7460790e-02
-0.13666404533978493,0.9993593188273857,0.0016331483628819299,2601.514215954839,-4.0276896e-04,989323,231.58408,1461.21855,6.6100820e+03,1.0434893e+01,1.0298329e+03,3.8872559e+00,7.0869028e+03,1.1581384e+01,0,nan,nan,nan,nan,231.58408,1.1297147e-03,1461.21855,1.1649220e-03,-2.9352305e-02,-7.4032024e-02
-0.13527515781970578,0.9991963477337419,0.0016336589987605685,2601.515604842359,-4.0276971e-04,989324,231.58583,1461.22425,6.6103623e+03,1.0438112e+01,1.0319520e+03,3.8955135e+00,7.0857178e+03,1.1584957e+01,0,nan,nan,nan,nan,231.58583,1.1259019e-03,1461.22425,1.1640890e-03,-3.0620785e-02,-6.7600720e-02
-0.13388627029962663,1.0016953166002704,0.001634092718829337,2601.5169937298792,-4.0277047e-04,989325,231.58894,1461.22179,6.6270156e+03,1.0440842e+01,1.0277117e+03,3.8863318e+00,7.1034106e+03,1.1587986e+01,0,nan,nan,nan,nan,231.58894,1.1242862e-03,1461.22179,1.1605184e-03,-2.3905952e-02,-6.9447055e-02
-0.13249738277954748,0.9969875061308541,0.0016326841889848101,2601.5183826173993,-4.0277123e-04,989326,231.58451,1461.22016,6.5974351e+03,1.0431800e+01,1.0395051e+03,3.8934152e+00,7.0699971e+03,1.1577950e+01,0,nan,nan,nan,nan,231.58451,1.1295296e-03,1461.22016,1.1639056e-03,-2.9043624e-02,-7.1201175e-02
-0.13110849525946833,1.0002174162743582,0.0016340089771541908,2601.5197715049194,-4.0277198e-04,989327,231.58862,1461.22401,6.6173940e+03,1.0440224e+01,1.0328773e+03,3.8882544e+00,7.0928735e+03,1.1587299e+01,0,nan,nan,nan,nan,231.58862,1.1271234e-03,1461.22401,1.1634901e-03,-2.4566466e-02,-6.8679273e-02
-0.12971960773938918,1.0011814767546072,0.0016349639711585788,2601.5211603924395,-4.0277274e-04,989328,231.58760,1461.22095,6.6242969e+03,1.0446284e+01,1.0346121e+03,3.8931651e+00,7.0996821e+03,1.1594027e+01,0,nan,nan,nan,nan,231.58760,1.1259331e-03,1461.22095,1.1623915e-03,-2.7333288e-02,-7.0113733e-02
-0.1283307201902062,0.9992240764719172,0.0016327498547545984,2601.5225492799887,-4.0277347e-04,989329,231.58724,1461.22631,6.6122046e+03,1.0432097e+01,1.0337889e+03,3.8865476e+00,7.0857744e+03,1.1578280e+01,0,nan,nan,nan,nan,231.58724,1.1276295e-03,1461.22631,1.1624250e-03,-2.5319384e-02,-6.3878424e-02
-0.12694183266921755,0.9999543836984849,0.0016341535697280973,2601.5239381675096,-4.0277423e-04,989330,231.58656,1461.22374,6.6140454e+03,1.0441026e+01,1.0315156e+03,3.8921168e+00,7.0909263e+03,1.1588191e+01,0,nan,nan,nan,nan,231.58656,1.1272185e-03,1461.22374,1.1643928e-03,-2.6121126e-02,-7.2447121e-02
-0.1255529451482289,1.0002622301002018,0.0016339403847865116,2601.5253270550306,-4.0277498e-04,989331,231.58491,1461.22173,6.6162773e+03,1.0439626e+01,1.0364502e+03,3.8884363e+00,7.0930825e+03,1.1586636e+01,0,nan,nan,nan,nan,231.58491,1.1276136e-03,1461.22173,1.1631559e-03,-2.7427113e-02,-7.0302695e-02
-0.12416405762905924,1.000583279117216,0.0016330695135963614,2601.52671594255,-4.0277574e-04,989332,231.58681,1461.22448,6.6200815e+03,1.0434023e+01,1.0280590e+03,3.8900433e+00,7.0953330e+03,1.1580418e+01,0,nan,nan,nan,nan,231.58681,1.1252696e-03,1461.22448,1.1601581e-03,-2.5160860e-02,-6.8959475e-02
-0.12277517010852534,1.0022564783188872,0.0016346716683113285,2601.5281048300703,-4.0277650e-04,989333,231.58832,1461.22520,6.6301538e+03,1.0444221e+01,1.0285693e+03,3.8844810e+00,7.1071719e+03,1.1591736e+01,0,nan,nan,nan,nan,231.58832,1.1274852e-03,1461.22520,1.1605393e-03,-2.5717944e-02,-6.6031858e-02
-0.12138628255888761,1.0018270361050747,0.0016342021803387161,2601.52949371762,-4.0277722e-04,989334,231.58497,1461.22117,6.6257676e+03,1.0441184e+01,1.0352970e+03,3.8894236e+00,7.1041016e+03,1.1588366e+01,0,nan,nan,nan,nan,231.58497,1.1256533e-03,1461.22117,1.1624345e-03,-2.6911780e-02,-6.8462782e-02
-0.11999739503971796,0.9997341846657561,0.0016334991765409397,2601.530882605139,-4.0277798e-04,989335,231.58603,1461.22667,6.6146870e+03,1.0436655e+01,1.0323708e+03,3.8868430e+00,7.0892354e+03,1.1583339e+01,0,nan,nan,nan,nan,231.58603,1.1275958e-03,1461.22667,1.1621780e-03,-2.4415752e-02,-6.4458184e-02
-0.1186085075196388,0.9977371407873654,0.0016338783378418648,2601.532271492659,-4.0277874e-04,989336,231.59143,1461.22255,6.6010518e+03,1.0439041e+01,1.0397834e+03,3.8982828e+00,7.0750493e+03,1.1585987e+01,0,nan,nan,nan,nan,231.59143,1.1296957e-03,1461.22255,1.1654568e-03,-2.4057580e-02,-6.8419732e-02
-0.11721961997045582,0.9958504720973181,0.001632785137724746,2601.5336603802084,-4.0277946e-04,989337,231.58654,1461.21772,6.5872095e+03,1.0432021e+01,1.0349618e+03,3.8975034e+00,7.0616465e+03,1.1578196e+01,0,nan,nan,nan,nan,231.58654,1.1314923e-03,1461.21772,1.1679721e-03,-2.8197881e-02,-7.4320093e-02
-0.11583073245037667,0.9984596095004905,0.001632674066494318,2601.5350492677285,-4.0278022e-04,989338,231.59144,1461.22732,6.6060220e+03,1.0431275e+01,1.0319468e+03,3.8887117e+00,7.0801240e+03,1.1577369e+01,0,nan,nan,nan,nan,231.59144,1.1271598e-03,1461.22732,1.1630643e-03,-2.2751598e-02,-6.3602224e-02
-0.11444184490210318,0.9981354911932782,0.0016347775795193433,2601.5364381552768,-4.0278095e-04,989339,231.58497,1461.21970,6.6033037e+03,1.0444679e+01,1.0353411e+03,3.9145379e+00,7.0778022e+03,1.1592246e+01,0,nan,nan,nan,nan,231.58497,1.1305163e-03,1461.21970,1.1657595e-03,-2.9796116e-02,-7.1243666e-02
-0.11305295738156929,1.0029155479557093,0.0016353484460576134,2601.5378270427973,-4.0278170e-04,989340,231.58689,1461.22271,6.6338101e+03,1.0448294e+01,1.0319415e+03,3.8901637e+00,7.1116748e+03,1.1596256e+01,0,nan,nan,nan,nan,231.58689,1.1244336e-03,1461.22271,1.1603892e-03,-2.6364150e-02,-6.9293857e-02
-0.11166406983193156,1.0007942248357384,0.001635577245228306,2601.539215930347,-4.0278243e-04,989341,231.58804,1461.22286,6.6186450e+03,1.0449721e+01,1.0357081e+03,3.8949590e+00,7.0966094e+03,1.1597841e+01,0,nan,nan,nan,nan,231.58804,1.1292186e-03,1461.22286,1.1641977e-03,-2.6707483e-02,-6.8148598e-02
-0.1102751823127619,0.9994753689975139,0.0016324378653934796,2601.540604817866,-4.0278319e-04,989342,231.58504,1461.22058,6.6104731e+03,1.0429631e+01,1.0337596e+03,3.8850625e+00,7.0872349e+03,1.1575543e+01,0,nan,nan,nan,nan,231.58504,1.1261320e-03,1461.22058,1.1614062e-03,-2.8060781e-02,-7.1780436e-02
-0.10888629476266942,0.9975586848109681,0.0016329128612074075,2601.541993705416,-4.0278392e-04,989343,231.59329,1461.23005,6.6020820e+03,1.0432633e+01,1.0367473e+03,3.8936853e+00,7.0736216e+03,1.1578876e+01,0,nan,nan,nan,nan,231.59329,1.1270131e-03,1461.23005,1.1640530e-03,-1.7492130e-02,-5.9658777e-02
-0.10749740724168078,0.998487207166182,0.0016336747277061517,2601.543382592937,-4.0278467e-04,989344,231.57918,1461.21613,6.6037236e+03,1.0437468e+01,1.0335527e+03,3.8942399e+00,7.0801841e+03,1.1584242e+01,0,nan,nan,nan,nan,231.57918,1.1308822e-03,1461.21613,1.1656207e-03,-3.6770836e-02,-7.9327114e-02
-0.1061085196924978,1.0002755350953958,0.001635105684279905,2601.5447714804864,-4.0278540e-04,989345,231.58626,1461.22132,6.6176182e+03,1.0446579e+01,1.0370378e+03,3.8966236e+00,7.0928433e+03,1.1594354e+01,0,nan,nan,nan,nan,231.58626,1.1266625e-03,1461.22132,1.1643349e-03,-2.5810977e-02,-7.2303623e-02
-0.10471963217241864,0.9972088029280608,0.0016323240036824264,2601.5461603680064,-4.0278616e-04,989346,231.58879,1461.22605,6.5970244e+03,1.0428776e+01,1.0328737e+03,3.8908200e+00,7.0710767e+03,1.1574594e+01,0,nan,nan,nan,nan,231.58879,1.1300190e-03,1461.22605,1.1652437e-03,-2.3459015e-02,-6.5410733e-02
-0.10333074462323566,0.9996460900598194,0.0016327889848654496,2601.5475492555556,-4.0278689e-04,989347,231.58430,1461.21908,6.6103325e+03,1.0431716e+01,1.0308705e+03,3.8873560e+00,7.0883384e+03,1.1577858e+01,0,nan,nan,nan,nan,231.58430,1.1278449e-03,1461.21908,1.1633154e-03,-3.0116221e-02,-7.2532713e-02
-0.10194185707405268,0.999818199802455,0.0016344215321167784,2601.548938143105,-4.0278761e-04,989348,231.58960,1461.22310,6.6151030e+03,1.0442117e+01,1.0307828e+03,3.8929279e+00,7.0895386e+03,1.1589401e+01,0,nan,nan,nan,nan,231.58960,1.1266279e-03,1461.22310,1.1637649e-03,-2.2932757e-02,-6.9413275e-02
-0.10055296955397353,0.9987902838747043,0.0016322144164923665,2601.550327030625,-4.0278837e-04,989349,231.58127,1461.22286,6.6063618e+03,1.0427987e+01,1.0336407e+03,3.8841569e+00,7.0822300e+03,1.1573718e+01,0,nan,nan,nan,nan,231.58127,1.1274565e-03,1461.22286,1.1613898e-03,-3.1384613e-02,-7.1615174e-02
-0.09916408200479054,0.9964611401876344,0.0016322151842046609,2601.551715918174,-4.0278910e-04,989350,231.58624,1461.22200,6.5933398e+03,1.0427963e+01,1.0303331e+03,3.8901277e+00,7.0656948e+03,1.1573692e+01,0,nan,nan,nan,nan,231.58624,1.1311895e-03,1461.22200,1.1642925e-03,-2.6163770e-02,-6.9544725e-02
-0.09777519445560756,0.9934093162642464,0.0016309101503422486,2601.5531048057233,-4.0278982e-04,989351,231.58671,1461.22043,6.5717344e+03,1.0419598e+01,1.0348690e+03,3.8967061e+00,7.0440361e+03,1.1564407e+01,0,nan,nan,nan,nan,231.58671,1.1313356e-03,1461.22043,1.1668885e-03,-2.7563330e-02,-7.0520699e-02
-0.09638630690642458,0.997307599954643,0.0016319452447178444,2601.5544936932724,-4.0279055e-04,989352,231.58690,1461.22251,6.5975488e+03,1.0426182e+01,1.0335732e+03,3.8862944e+00,7.0716592e+03,1.1571716e+01,0,nan,nan,nan,nan,231.58690,1.1281685e-03,1461.22251,1.1630342e-03,-2.4626482e-02,-6.9147408e-02
-0.09499741938634543,0.9959251324217023,0.001631287413396163,2601.5558825807925,-4.0279131e-04,989353,231.58611,1461.22136,6.5884219e+03,1.0421952e+01,1.0354535e+03,3.8908265e+00,7.0618379e+03,1.1567021e+01,0,nan,nan,nan,nan,231.58611,1.1307868e-03,1461.22136,1.1669968e-03,-2.8467195e-02,-7.0899189e-02
-0.09360853183807194,0.9951492275001591,0.0016311435981629233,2601.557271468341,-4.0279204e-04,989354,231.58964,1461.22371,6.5850918e+03,1.0421007e+01,1.0347451e+03,3.8896351e+00,7.0563184e+03,1.1565972e+01,0,nan,nan,nan,nan,231.58964,1.1303960e-03,1461.22371,1.1665019e-03,-2.3001857e-02,-6.8162739e-02
-0.09221964428843421,0.9939471794054855,0.0016307361721322098,2601.5586603558904,-4.0279276e-04,989355,231.58673,1461.22236,6.5759385e+03,1.0418378e+01,1.0383835e+03,3.8969893e+00,7.0477773e+03,1.1563054e+01,0,nan,nan,nan,nan,231.58673,1.1300852e-03,1461.22236,1.1657609e-03,-2.7405089e-02,-7.0945658e-02
-0.09083075673879648,0.9940961733937668,0.001629905385779998,2601.56004924344,-4.0279349e-04,989356,231.58662,1461.22719,6.5771821e+03,1.0413045e+01,1.0335911e+03,3.8840027e+00,7.0488164e+03,1.1557136e+01,0,nan,nan,nan,nan,231.58662,1.1299441e-03,1461.22719,1.1664145e-03,-2.4678338e-02,-6.4649373e-02
-0.0894418691896135,0.9937086985731284,0.0016317558276845651,2601.5614381309892,-4.0279422e-04,989357,231.59033,1461.22447,6.5738037e+03,1.0424843e+01,1.0355668e+03,3.8960438e+00,7.0460522e+03,1.1570229e+01,0,nan,nan,nan,nan,231.59033,1.1328399e-03,1461.22447,1.1679555e-03,-2.0889498e-02,-6.6189282e-02
-0.08805298163952102,0.9923795565296377,0.0016300171017243443,2601.5628270185393,-4.0279495e-04,989358,231.58370,1461.22081,6.5650522e+03,1.0413710e+01,1.0363048e+03,3.8931520e+00,7.0366113e+03,1.1557873e+01,0,nan,nan,nan,nan,231.58370,1.1327579e-03,1461.22081,1.1677905e-03,-3.0269947e-02,-7.0640169e-02
-0.08666409409033804,0.9925298843087748,0.0016305807630122996,2601.5642159060885,-4.0279567e-04,989359,231.59035,1461.22023,6.5668218e+03,1.0417286e+01,1.0412666e+03,3.8971500e+00,7.0376611e+03,1.1561843e+01,0,nan,nan,nan,nan,231.59035,1.1326786e-03,1461.22023,1.1686253e-03,-2.5061619e-02,-7.1057901e-02
-0.08527520654115506,0.9935670914604223,0.0016299993951919077,2601.5656047936377,-4.0279640e-04,989360,231.58355,1461.22104,6.5705625e+03,1.0413550e+01,1.0241915e+03,3.9035463e+00,7.0450000e+03,1.1557695e+01,0,nan,nan,nan,nan,231.58355,1.1320037e-03,1461.22104,1.1682521e-03,-2.9995870e-02,-6.9476120e-02
-0.08388631899288157,0.9965430132567034,0.0016322856167757273,2601.566993681186,-4.0279713e-04,989361,231.59062,1461.22099,6.5934111e+03,1.0428132e+01,1.0294683e+03,3.8925207e+00,7.0660854e+03,1.1573880e+01,0,nan,nan,nan,nan,231.59062,1.1319895e-03,1461.22099,1.1670747e-03,-2.4370790e-02,-7.1576625e-02
-0.08249743144324384,0.9939751370518914,0.0016300685679744977,2601.5683825687356,-4.0279786e-04,989362,231.58679,1461.22316,6.5759185e+03,1.0413946e+01,1.0355107e+03,3.8949871e+00,7.0478628e+03,1.1558136e+01,0,nan,nan,nan,nan,231.58679,1.1300056e-03,1461.22316,1.1664227e-03,-2.7413044e-02,-6.7364171e-02
-0.08110854389360611,0.9936130760330683,0.0016294521905411519,2601.5697714562853,-4.0279859e-04,989363,231.58749,1461.22207,6.5740684e+03,1.0409987e+01,1.0305068e+03,3.8879235e+00,7.0452808e+03,1.1553741e+01,0,nan,nan,nan,nan,231.58749,1.1317730e-03,1461.22207,1.1675509e-03,-2.5559610e-02,-7.1488932e-02
-0.07971965634533262,0.9947244155321295,0.0016311539722224913,2601.5711603438335,-4.0279931e-04,989364,231.58641,1461.22145,6.5806567e+03,1.0420838e+01,1.0308694e+03,3.8892155e+00,7.0531465e+03,1.1565784e+01,0,nan,nan,nan,nan,231.58641,1.1314801e-03,1461.22145,1.1684836e-03,-2.7595617e-02,-7.0126906e-02
-0.0783307687956949,0.9936251637015465,0.0016307494140809947,2601.572549231383,-4.0280004e-04,989365,231.58760,1461.22208,6.5747134e+03,1.0418234e+01,1.0299799e+03,3.8911881e+00,7.0453384e+03,1.1562893e+01,0,nan,nan,nan,nan,231.58760,1.1297297e-03,1461.22208,1.1683226e-03,-2.5744805e-02,-7.0156865e-02
-0.07694188124651191,0.9948140764983655,0.0016316115831478517,2601.5739381189323,-4.0280077e-04,989366,231.58534,1461.22359,6.5823726e+03,1.0423720e+01,1.0360562e+03,3.8911850e+00,7.0537549e+03,1.1568984e+01,0,nan,nan,nan,nan,231.58534,1.1311495e-03,1461.22359,1.1662445e-03,-2.6917063e-02,-6.8368681e-02
-0.07555299369778368,0.9949967721415811,0.001631109370110105,2601.575327006481,-4.0280150e-04,989367,231.58372,1461.22391,6.5837759e+03,1.0420493e+01,1.0322303e+03,3.8950782e+00,7.0550371e+03,1.1565402e+01,0,nan,nan,nan,nan,231.58372,1.1313673e-03,1461.22391,1.1676977e-03,-2.8638186e-02,-6.8426289e-02
-0.0741641061486007,0.9938311479019981,0.0016304095374463858,2601.5767158940303,-4.0280222e-04,989368,231.58943,1461.22084,6.5764658e+03,1.0416003e+01,1.0336868e+03,3.8916266e+00,7.0467598e+03,1.1560418e+01,0,nan,nan,nan,nan,231.58943,1.1304904e-03,1461.22084,1.1679105e-03,-2.2747753e-02,-7.1223453e-02
-0.07277521857031388,0.9936469235560667,0.0016299773470984553,2601.5781047816085,-4.0280292e-04,989369,231.58846,1461.22225,6.5745200e+03,1.0413225e+01,1.0345321e+03,3.8858061e+00,7.0454409e+03,1.1557334e+01,0,nan,nan,nan,nan,231.58846,1.1321187e-03,1461.22225,1.1675938e-03,-2.5502911e-02,-6.9615066e-02
-0.07138633102067615,0.9928714672953295,0.0016303726328871177,2601.579493669158,-4.0280365e-04,989370,231.59028,1461.22246,6.5699595e+03,1.0415731e+01,1.0392959e+03,3.8932705e+00,7.0399307e+03,1.1560117e+01,0,nan,nan,nan,nan,231.59028,1.1306519e-03,1461.22246,1.1684245e-03,-2.3392813e-02,-6.8417698e-02
-0.06999744347058368,0.9919789383125985,0.001629361546486057,2601.5808825567083,-4.0280438e-04,989371,231.58514,1461.22158,6.5639224e+03,1.0409255e+01,1.0348201e+03,3.8876648e+00,7.0335903e+03,1.1552929e+01,0,nan,nan,nan,nan,231.58514,1.1317495e-03,1461.22158,1.1694232e-03,-2.8461769e-02,-7.0594147e-02
-0.06860855592094595,0.9935608135264403,0.0016317707121267914,2601.582271444258,-4.0280510e-04,989372,231.58394,1461.22170,6.5720684e+03,1.0424629e+01,1.0360250e+03,3.8988771e+00,7.0447954e+03,1.1569992e+01,0,nan,nan,nan,nan,231.58394,1.1343925e-03,1461.22170,1.1693554e-03,-2.9752862e-02,-7.0299089e-02
-0.06721966834356863,0.992491516702959,0.0016294419000234051,2601.5836603318353,-4.0280580e-04,989373,231.58841,1461.22320,6.5667520e+03,1.0409736e+01,1.0364208e+03,3.8884254e+00,7.0372026e+03,1.1553462e+01,0,nan,nan,nan,nan,231.58841,1.1338176e-03,1461.22320,1.1666365e-03,-2.4989558e-02,-7.0282809e-02
-0.0658307807939309,0.9950058007904905,0.0016326265800221842,2601.585049219385,-4.0280653e-04,989374,231.58998,1461.22475,6.5843784e+03,1.0430065e+01,1.0379059e+03,3.8981228e+00,7.0550195e+03,1.1576025e+01,0,nan,nan,nan,nan,231.58998,1.1321303e-03,1461.22475,1.1660710e-03,-2.4654381e-02,-6.7856789e-02
-0.06444189321518934,0.9933205574619829,0.0016300106181726596,2601.5864381069637,-4.0280723e-04,989375,231.58842,1461.21955,6.5738999e+03,1.0413338e+01,1.0335380e+03,3.8898971e+00,7.0430601e+03,1.1557460e+01,0,nan,nan,nan,nan,231.58842,1.1308016e-03,1461.21955,1.1663284e-03,-2.7916012e-02,-7.0055991e-02
-0.06305300566691585,0.9911655694160798,0.0016293541695258265,2601.587826994512,-4.0280796e-04,989376,231.58719,1461.22272,6.5610342e+03,1.0409130e+01,1.0383673e+03,3.8967807e+00,7.0277705e+03,1.1552790e+01,0,nan,nan,nan,nan,231.58719,1.1322023e-03,1461.22272,1.1683507e-03,-2.6477950e-02,-6.9514804e-02
-0.06166411811727812,0.9962955614410945,0.0016315887124197814,2601.5892158820616,-4.0280868e-04,989377,231.58616,1461.22488,6.5920649e+03,1.0423391e+01,1.0345083e+03,3.8902395e+00,7.0641348e+03,1.1568618e+01,0,nan,nan,nan,nan,231.58616,1.1298798e-03,1461.22488,1.1652207e-03,-2.9011711e-02,-6.7515492e-02
-0.06027523053853656,0.9967219964074765,0.001631582304056395,2601.5906047696403,-4.0280938e-04,989378,231.58965,1461.21949,6.5947798e+03,1.0423337e+01,1.0325952e+03,3.8869514e+00,7.0671494e+03,1.1568558e+01,0,nan,nan,nan,nan,231.58965,1.1293328e-03,1461.21949,1.1643171e-03,-2.5906645e-02,-7.1083650e-02
-0.058886342990263074,0.9951339146963701,0.001630216266304662,2601.5919936571886,-4.0281011e-04,989379,231.58774,1461.22238,6.5850249e+03,1.0414597e+01,1.0276165e+03,3.8838899e+00,7.0558804e+03,1.1558858e+01,0,nan,nan,nan,nan,231.58774,1.1298475e-03,1461.22238,1.1657600e-03,-2.4048315e-02,-7.0838220e-02
-0.05749745541197626,0.9918636804660956,0.0016303280435768588,2601.593382544767,-4.0281081e-04,989380,231.58264,1461.22496,6.5641021e+03,1.0415298e+01,1.0378096e+03,3.8990114e+00,7.0326851e+03,1.1559636e+01,0,nan,nan,nan,nan,231.58264,1.1336004e-03,1461.22496,1.1705719e-03,-3.0001326e-02,-6.8660520e-02
-0.05610856786279328,0.9926634034036266,0.0016293942173144689,2601.594771432316,-4.0281154e-04,989381,231.58660,1461.22256,6.5674238e+03,1.0409322e+01,1.0305345e+03,3.8912430e+00,7.0383472e+03,1.1553002e+01,0,nan,nan,nan,nan,231.58660,1.1312016e-03,1461.22256,1.1690822e-03,-2.6689176e-02,-7.1142644e-02
-0.05471968028450647,0.9934225370938904,0.0016298317462868357,2601.5961603198944,-4.0281223e-04,989382,231.58830,1461.22455,6.5739634e+03,1.0412106e+01,1.0344546e+03,3.8893647e+00,7.0437222e+03,1.1556092e+01,0,nan,nan,nan,nan,231.58830,1.1326388e-03,1461.22455,1.1677844e-03,-2.5289143e-02,-6.7731053e-02
-0.05333079273441399,0.9941714109449048,0.0016311841087605766,2601.5975492074444,-4.0281296e-04,989383,231.58683,1461.22052,6.5772827e+03,1.0420733e+01,1.0366942e+03,3.8904443e+00,7.0490249e+03,1.1565669e+01,0,nan,nan,nan,nan,231.58683,1.1325185e-03,1461.22052,1.1667229e-03,-2.6665481e-02,-7.0875138e-02
-0.05194190515521768,0.9926633591044557,0.0016287828423235348,2601.5989380950236,-4.0281366e-04,989384,231.58402,1461.22370,6.5674087e+03,1.0405382e+01,1.0306042e+03,3.8879657e+00,7.0383252e+03,1.1548632e+01,0,nan,nan,nan,nan,231.58402,1.1322330e-03,1461.22370,1.1665958e-03,-2.9697411e-02,-6.8096064e-02
-0.050553017577840365,0.9963749488343066,0.001632097576865936,2601.600326982601,-4.0281436e-04,989385,231.58800,1461.22131,6.5911367e+03,1.0426549e+01,1.0332662e+03,3.8925042e+00,7.0646353e+03,1.1572124e+01,0,nan,nan,nan,nan,231.58800,1.1295866e-03,1461.22131,1.1661465e-03,-2.7368372e-02,-6.9553539e-02
-0.04916413002865738,0.9923078095388752,0.0016325650869388468,2601.60171587015,-4.0281509e-04,989386,231.58957,1461.22231,6.5669536e+03,1.0429527e+01,1.0401226e+03,3.9021184e+00,7.0357915e+03,1.1575428e+01,0,nan,nan,nan,nan,231.58957,1.1339744e-03,1461.22231,1.1710817e-03,-2.4643801e-02,-7.0013352e-02
-0.04777524245037057,0.9963887512365321,0.0016319269338396323,2601.6031047577285,-4.0281579e-04,989387,231.58118,1461.22246,6.5902642e+03,1.0425442e+01,1.0336160e+03,3.8974700e+00,7.0647212e+03,1.1570894e+01,0,nan,nan,nan,nan,231.58118,1.1310360e-03,1461.22246,1.1650054e-03,-2.9654542e-02,-6.9353148e-02
-0.04638635487208376,0.9934090151654781,0.0016303461357152923,2601.604493645307,-4.0281648e-04,989388,231.58702,1461.22391,6.5741260e+03,1.0415336e+01,1.0354146e+03,3.8914216e+00,7.0435884e+03,1.1559677e+01,0,nan,nan,nan,nan,231.58702,1.1326714e-03,1461.22391,1.1673106e-03,-2.5461806e-02,-6.7908898e-02
-0.044997467293796944,0.9932209982989657,0.0016300460948363003,2601.605882532885,-4.0281718e-04,989389,231.58934,1461.21978,6.5739849e+03,1.0413411e+01,1.0348260e+03,3.8873618e+00,7.0422505e+03,1.1557541e+01,0,nan,nan,nan,nan,231.58934,1.1318513e-03,1461.21978,1.1659979e-03,-2.4058301e-02,-7.1400560e-02
-0.04360857974461396,0.9946927710189061,0.0016312990986817775,2601.6072714204342,-4.0281791e-04,989390,231.58682,1461.22364,6.5821880e+03,1.0421410e+01,1.0365049e+03,3.8879128e+00,7.0526812e+03,1.1566418e+01,0,nan,nan,nan,nan,231.58682,1.1307356e-03,1461.22364,1.1674379e-03,-2.6454542e-02,-6.7484185e-02
-0.04221969216632715,0.9940909585997544,0.0016315972141945302,2601.6086603080125,-4.0281861e-04,989391,231.58741,1461.22254,6.5782451e+03,1.0423306e+01,1.0375806e+03,3.8930264e+00,7.0484097e+03,1.1568524e+01,0,nan,nan,nan,nan,231.58741,1.1312509e-03,1461.22254,1.1679177e-03,-2.5892228e-02,-6.9252126e-02
-0.04083080458804034,0.9933398322372156,0.0016291649314312032,2601.610049195591,-4.0281931e-04,989392,231.58532,1461.22007,6.5720967e+03,1.0407763e+01,1.0295183e+03,3.8823464e+00,7.0430801e+03,1.1551272e+01,0,nan,nan,nan,nan,231.58532,1.1315207e-03,1461.22007,1.1670179e-03,-2.6335668e-02,-7.1885407e-02
-0.039441917009753524,0.9938707473500287,0.0016303676548870838,2601.611438083169,-4.0282001e-04,989393,231.58615,1461.22404,6.5745947e+03,1.0415441e+01,1.0385013e+03,3.8923547e+00,7.0468408e+03,1.1559794e+01,0,nan,nan,nan,nan,231.58615,1.1321206e-03,1461.22404,1.1680495e-03,-2.9122960e-02,-6.8464532e-02
-0.03805302943146671,0.9940794453024071,0.0016309411810026763,2601.6128269707474,-4.0282070e-04,989394,231.58787,1461.22496,6.5757134e+03,1.0419100e+01,1.0275050e+03,3.8860044e+00,7.0483174e+03,1.1563855e+01,0,nan,nan,nan,nan,231.58787,1.1325672e-03,1461.22496,1.1687590e-03,-2.5614288e-02,-6.8401791e-02
-0.036664141854089394,0.9931686908330515,0.001631145899948094,2601.6142158583248,-4.0282140e-04,989395,231.58849,1461.22117,6.5727554e+03,1.0420404e+01,1.0371166e+03,3.8933840e+00,7.0418569e+03,1.1565303e+01,0,nan,nan,nan,nan,231.58849,1.1317125e-03,1461.22117,1.1695650e-03,-2.3893934e-02,-6.9847293e-02
-0.035275254304451664,0.989929823513132,0.0016285030222704614,2601.6156047458744,-4.0282213e-04,989396,231.58565,1461.22260,6.5532139e+03,1.0403516e+01,1.0348387e+03,3.8894060e+00,7.0188901e+03,1.1546559e+01,0,nan,nan,nan,nan,231.58565,1.1340240e-03,1461.22260,1.1705842e-03,-2.8198007e-02,-6.9702618e-02
-0.03388636672525536,0.9934362066851089,0.0016323635425888894,2601.6169936334536,-4.0282283e-04,989397,231.58407,1461.22353,6.5742944e+03,1.0428176e+01,1.0318280e+03,3.8957992e+00,7.0437495e+03,1.1573929e+01,0,nan,nan,nan,nan,231.58407,1.1328032e-03,1461.22353,1.1709615e-03,-2.9204253e-02,-6.6396832e-02
-0.0324974791465138,0.9926823778103114,0.001628916696402254,2601.6183825210323,-4.0282353e-04,989398,231.58715,1461.22220,6.5702134e+03,1.0406154e+01,1.0296913e+03,3.8840227e+00,7.0384028e+03,1.1549486e+01,0,nan,nan,nan,nan,231.58715,1.1330611e-03,1461.22220,1.1663102e-03,-2.3629388e-02,-6.9872975e-02
-0.031108591568226984,0.9953434808401366,0.0016311576769106636,2601.6197714086106,-4.0282423e-04,989399,231.58492,1461.22320,6.5858335e+03,1.0420468e+01,1.0373840e+03,3.8933513e+00,7.0572695e+03,1.1565373e+01,0,nan,nan,nan,nan,231.58492,1.1306998e-03,1461.22320,1.1659777e-03,-2.8469475e-02,-7.0930414e-02
-0.02971970398994017,0.9954242184368989,0.001631338063728676,2601.621160296189,-4.0282492e-04,989400,231.58474,1461.22676,6.5835923e+03,1.0421619e+01,1.0379661e+03,3.8924727e+00,7.0578408e+03,1.1566651e+01,0,nan,nan,nan,nan,231.58474,1.1309452e-03,1461.22676,1.1664354e-03,-2.8670693e-02,-6.5444939e-02
-0.02833081638254953,0.9919178501837789,0.001630457675185725,2601.6225491837963,-4.0282559e-04,989401,231.58920,1461.21974,6.5643774e+03,1.0415994e+01,1.0384331e+03,3.9027963e+00,7.0329790e+03,1.1560408e+01,0,nan,nan,nan,nan,231.58920,1.1331573e-03,1461.21974,1.1676014e-03,-2.4679242e-02,-7.3625050e-02
-0.026941928804262716,0.9921237436868677,0.0016298669784453757,2601.6239380713746,-4.0282629e-04,989402,231.58504,1461.22356,6.5642656e+03,1.0412221e+01,1.0369910e+03,3.8898160e+00,7.0344390e+03,1.1556219e+01,0,nan,nan,nan,nan,231.58504,1.1327962e-03,1461.22356,1.1693838e-03,-2.9916825e-02,-6.8756618e-02
-0.025553041225975903,0.9921386498289338,0.0016290713114967498,2601.625326958953,-4.0282699e-04,989403,231.58739,1461.22323,6.5662920e+03,1.0407137e+01,1.0318453e+03,3.8869545e+00,7.0345444e+03,1.1550578e+01,0,nan,nan,nan,nan,231.58739,1.1330829e-03,1461.22323,1.1663277e-03,-2.5457954e-02,-6.8655223e-02
-0.02416415364768909,0.9946880247640376,0.001631222658553287,2601.626715846531,-4.0282769e-04,989404,231.58818,1461.22312,6.5815054e+03,1.0420881e+01,1.0291721e+03,3.8906596e+00,7.0526211e+03,1.1565832e+01,0,nan,nan,nan,nan,231.58818,1.1330178e-03,1461.22312,1.1673087e-03,-2.6138142e-02,-6.8837188e-02
-0.022775266069402278,0.9928147877002291,0.0016298094844581145,2601.6281047341095,-4.0282839e-04,989405,231.58807,1461.22070,6.5691426e+03,1.0411855e+01,1.0346716e+03,3.8883662e+00,7.0393398e+03,1.1555814e+01,0,nan,nan,nan,nan,231.58807,1.1331066e-03,1461.22070,1.1673524e-03,-2.7646145e-02,-6.8585582e-02
-0.021386378491115465,0.9934910647549218,0.0016300639894655158,2601.6294936216877,-4.0282909e-04,989406,231.58959,1461.22080,6.5736045e+03,1.0413483e+01,1.0375111e+03,3.8909616e+00,7.0441362e+03,1.1557621e+01,0,nan,nan,nan,nan,231.58959,1.1315510e-03,1461.22080,1.1669141e-03,-2.4183549e-02,-7.2079115e-02
-0.019997490912828653,0.9931862834140536,0.0016321206245796301,2601.630882509266,-4.0282978e-04,989407,231.58618,1461.22571,6.5724873e+03,1.0426623e+01,1.0408190e+03,3.9033566e+00,7.0419771e+03,1.1572206e+01,0,nan,nan,nan,nan,231.58618,1.1319704e-03,1461.22571,1.1697224e-03,-2.6856882e-02,-6.6281453e-02
-0.01860860330543801,0.9915712334014991,0.0016295272132845332,2601.6322713968734,-4.0283045e-04,989408,231.58482,1461.22342,6.5591733e+03,1.0410058e+01,1.0415013e+03,3.8927801e+00,7.0305278e+03,1.1553821e+01,0,nan,nan,nan,nan,231.58482,1.1336352e-03,1461.22342,1.1675011e-03,-2.9701687e-02,-6.7394935e-02
-0.017219715727151197,0.991218764263828,0.0016297121954006982,2601.6336602844517,-4.0283115e-04,989409,231.58698,1461.22501,6.5597295e+03,1.0411243e+01,1.0372648e+03,3.8998363e+00,7.0280308e+03,1.1555136e+01,0,nan,nan,nan,nan,231.58698,1.1345196e-03,1461.22501,1.1685432e-03,-2.3131456e-02,-6.6038847e-02
-0.015830828148864384,0.9940753617833389,0.0016312792751263187,2601.63504917203,-4.0283185e-04,989410,231.58876,1461.22279,6.5740620e+03,1.0421259e+01,1.0369272e+03,3.8989837e+00,7.0482876e+03,1.1566252e+01,0,nan,nan,nan,nan,231.58876,1.1316835e-03,1461.22279,1.1668029e-03,-2.6000315e-02,-6.8559177e-02
-0.014441940541473741,0.9929835268072834,0.0016289353900617914,2601.6364380596374,-4.0283252e-04,989411,231.58596,1461.22324,6.5710078e+03,1.0406290e+01,1.0288774e+03,3.8851538e+00,7.0405493e+03,1.1549638e+01,0,nan,nan,nan,nan,231.58596,1.1318208e-03,1461.22324,1.1676509e-03,-2.7855344e-02,-6.9190890e-02
-0.013053052962732181,0.9928284039829596,0.0016297191431973702,2601.637826947216,-4.0283322e-04,989412,231.58783,1461.22108,6.5705596e+03,1.0411303e+01,1.0334741e+03,3.8873563e+00,7.0394531e+03,1.1555201e+01,0,nan,nan,nan,nan,231.58783,1.1328807e-03,1461.22108,1.1673047e-03,-2.4532381e-02,-7.2230302e-02
-0.011664165383990621,0.9929907972153582,0.0016299576573010706,2601.639215834795,-4.0283392e-04,989413,231.58768,1461.22050,6.5704854e+03,1.0412831e+01,1.0336100e+03,3.8906820e+00,7.0406084e+03,1.1556898e+01,0,nan,nan,nan,nan,231.58768,1.1341040e-03,1461.22050,1.1672679e-03,-2.6333006e-02,-6.9866173e-02
-0.010275277777509473,0.9933961948651543,0.0016304068003020178,2601.6406047224013,-4.0283459e-04,989414,231.58668,1461.22573,6.5735225e+03,1.0415708e+01,1.0357198e+03,3.8913965e+00,7.0434868e+03,1.1560089e+01,0,nan,nan,nan,nan,231.58668,1.1309681e-03,1461.22573,1.1670276e-03,-2.7614988e-02,-6.5089084e-02
-0.008886390198767913,0.9932374531271146,0.0016292602814996823,2601.64199360998,-4.0283529e-04,989415,231.58364,1461.22213,6.5711787e+03,1.0408390e+01,1.0267384e+03,3.8860810e+00,7.0423657e+03,1.1551968e+01,0,nan,nan,nan,nan,231.58364,1.1319062e-03,1461.22213,1.1656135e-03,-2.9895423e-02,-7.0088662e-02
-0.007497502590922522,0.994188742041513,0.001631001525674782,2601.643382497588,-4.0283595e-04,989416,231.58880,1461.21867,6.5778560e+03,1.0419520e+01,1.0326241e+03,3.8922086e+00,7.0491157e+03,1.1564322e+01,0,nan,nan,nan,nan,231.58880,1.1323782e-03,1461.21867,1.1664554e-03,-2.5368543e-02,-7.1255572e-02
-0.006108615013545204,0.9935286784344872,0.0016311852398060594,2601.6447713851653,-4.0283665e-04,989417,231.58741,1461.22236,6.5745605e+03,1.0420702e+01,1.0436268e+03,3.9005415e+00,7.0444409e+03,1.1565633e+01,0,nan,nan,nan,nan,231.58741,1.1320928e-03,1461.22236,1.1677040e-03,-2.6287891e-02,-6.8705879e-02
-0.004719727405699814,0.992897341243764,0.0016307715926744354,2601.646160272773,-4.0283732e-04,989418,231.58653,1461.22205,6.5714668e+03,1.0418068e+01,1.0393999e+03,3.8936124e+00,7.0399702e+03,1.1562710e+01,0,nan,nan,nan,nan,231.58653,1.1318994e-03,1461.22205,1.1692106e-03,-2.7367253e-02,-7.0932709e-02
-0.003330839826958254,0.9962930596280594,0.001630838059635548,2601.647549160352,-4.0283802e-04,989419,231.58441,1461.22239,6.5915713e+03,1.0418501e+01,1.0315798e+03,3.8875229e+00,7.0640532e+03,1.1563190e+01,0,nan,nan,nan,nan,231.58441,1.1293673e-03,1461.22239,1.1644724e-03,-2.6262285e-02,-7.0487581e-02
-0.0019419522204771056,0.9937107249736113,0.0016307213639387397,2601.6489380479584,-4.0283869e-04,989420,231.58620,1461.22333,6.5737939e+03,1.0417766e+01,1.0352394e+03,3.8927958e+00,7.0457500e+03,1.1562374e+01,0,nan,nan,nan,nan,231.58620,1.1326206e-03,1461.22333,1.1682474e-03,-2.6667073e-02,-7.0219643e-02
-0.0005530646417355456,0.9925419562820629,0.0016326346378996727,2601.650326935537,-4.0283939e-04,989421,231.58660,1461.22284,6.5648022e+03,1.0429997e+01,1.0380045e+03,3.9061427e+00,7.0374697e+03,1.1575951e+01,0,nan,nan,nan,nan,231.58660,1.1367393e-03,1461.22284,1.1714192e-03,-2.9283892e-02,-6.8180956e-02
0.0008358229656550975,0.9929204866257632,0.0016317795157006912,2601.6517158231445,-4.0284006e-04,989422,231.58841,1461.22174,6.5710220e+03,1.0424546e+01,1.0421074e+03,3.8988774e+00,7.0401606e+03,1.1569900e+01,0,nan,nan,nan,nan,231.58841,1.1316559e-03,1461.22174,1.1691059e-03,-2.5046628e-02,-7.2168872e-02
0.00222471054394191,0.9919418338508713,0.001628879799600878,2601.653104710723,-4.0284076e-04,989423,231.59354,1461.22976,6.5635376e+03,1.0406032e+01,1.0336420e+03,3.8891225e+00,7.0332295e+03,1.1549352e+01,0,nan,nan,nan,nan,231.59354,1.1320272e-03,1461.22976,1.1680771e-03,-2.0557998e-02,-6.0874376e-02
0.003613598152242048,0.9913126377351973,0.0016295561733522667,2601.654493598331,-4.0284143e-04,989424,231.58567,1461.22096,6.5579990e+03,1.0410365e+01,1.0367587e+03,3.8978057e+00,7.0287759e+03,1.1554160e+01,0,nan,nan,nan,nan,231.58567,1.1353584e-03,1461.22096,1.1681960e-03,-2.7784666e-02,-6.9547690e-02
0.005002485760087438,0.9902922117946661,0.0016293584757639367,2601.655882485939,-4.0284210e-04,989425,231.58472,1461.21931,6.5512578e+03,1.0409114e+01,1.0413958e+03,3.8972902e+00,7.0215488e+03,1.1552773e+01,0,nan,nan,nan,nan,231.58472,1.1354988e-03,1461.21931,1.1704590e-03,-2.8027799e-02,-7.2804824e-02
0.006391373366568587,0.9951078359398566,0.001630590434419194,2601.6572713735454,-4.0284276e-04,989426,231.58446,1461.21950,6.5822222e+03,1.0416997e+01,1.0321708e+03,3.8877687e+00,7.0557021e+03,1.1561522e+01,0,nan,nan,nan,nan,231.58446,1.1308583e-03,1461.21950,1.1669853e-03,-2.9829837e-02,-7.2489955e-02
0.007780260945310147,0.9934954614934002,0.0016293829671086024,2601.658660261124,-4.0284346e-04,989427,231.58443,1461.22308,6.5717979e+03,1.0409297e+01,1.0298612e+03,3.8857000e+00,7.0442788e+03,1.1552975e+01,0,nan,nan,nan,nan,231.58443,1.1316654e-03,1461.22308,1.1676605e-03,-2.7422855e-02,-6.9813453e-02
0.009169148553155537,0.9932524004314015,0.0016309096548109603,2601.660049148732,-4.0284413e-04,989428,231.58842,1461.22484,6.5741216e+03,1.0419064e+01,1.0382280e+03,3.8925316e+00,7.0425649e+03,1.1563815e+01,0,nan,nan,nan,nan,231.58842,1.1322231e-03,1461.22484,1.1685503e-03,-2.4059087e-02,-6.8077460e-02
0.010558036159636686,0.9918718767288466,0.001630001119991405,2601.6614380363385,-4.0284480e-04,989429,231.58411,1461.22247,6.5628457e+03,1.0413274e+01,1.0393577e+03,3.8950894e+00,7.0327861e+03,1.1557389e+01,0,nan,nan,nan,nan,231.58411,1.1347955e-03,1461.22247,1.1687840e-03,-2.9865796e-02,-7.0502341e-02
0.011946923767482076,0.9912842856196604,0.001628374195704214,2601.6628269239463,-4.0284547e-04,989430,231.58852,1461.22328,6.5600215e+03,1.0402895e+01,1.0284702e+03,3.8865414e+00,7.0286299e+03,1.1545870e+01,0,nan,nan,nan,nan,231.58852,1.1321841e-03,1461.22328,1.1685683e-03,-2.4783734e-02,-6.8579502e-02
0.013335811346223636,0.9949493714448345,0.0016298682052081378,2601.664215811525,-4.0284617e-04,989431,231.58785,1461.22322,6.5823418e+03,1.0412456e+01,1.0306289e+03,3.8836117e+00,7.0546274e+03,1.1556480e+01,0,nan,nan,nan,nan,231.58785,1.1312057e-03,1461.22322,1.1657744e-03,-2.6125496e-02,-6.5830670e-02
0.014724698952704784,0.9937113261897559,0.0016302349931650022,2601.6656046991316,-4.0284684e-04,989432,231.58587,1461.22005,6.5746934e+03,1.0414815e+01,1.0326752e+03,3.8911097e+00,7.0458599e+03,1.1559099e+01,0,nan,nan,nan,nan,231.58587,1.1318001e-03,1461.22005,1.1677026e-03,-2.5413899e-02,-7.1241327e-02
0.016113586560550175,0.9920150112086412,0.0016291016533601758,2601.6669935867394,-4.0284751e-04,989433,231.59019,1461.22082,6.5609697e+03,1.0407592e+01,1.0338639e+03,3.8928692e+00,7.0338438e+03,1.1551082e+01,0,nan,nan,nan,nan,231.59019,1.1332440e-03,1461.22082,1.1701424e-03,-2.3146499e-02,-7.3111109e-02
0.017502474168395565,0.9942729011182873,0.0016304050951799914,2601.6683824743473,-4.0284818e-04,989434,231.58517,1461.22223,6.5797695e+03,1.0415935e+01,1.0312238e+03,3.8910215e+00,7.0498647e+03,1.1560343e+01,0,nan,nan,nan,nan,231.58517,1.1310311e-03,1461.22223,1.1669970e-03,-2.6808562e-02,-6.8100236e-02
0.018891361774876714,0.992315226695752,0.0016303968484173961,2601.6697713619537,-4.0284885e-04,989435,231.58777,1461.21919,6.5669585e+03,1.0415900e+01,1.0322075e+03,3.9017980e+00,7.0359956e+03,1.1560304e+01,0,nan,nan,nan,nan,231.58777,1.1325356e-03,1461.21919,1.1689255e-03,-2.6916172e-02,-6.9558494e-02
0.02028024938181261,0.9917294780342076,0.0016291010574171387,2601.6711602495607,-4.0284952e-04,989436,231.58739,1461.22077,6.5619961e+03,1.0407640e+01,1.0341509e+03,3.8905869e+00,7.0318550e+03,1.1551136e+01,0,nan,nan,nan,nan,231.58739,1.1342153e-03,1461.22077,1.1672693e-03,-2.7336143e-02,-6.7180321e-02
0.021669136989658,0.9931822886110082,0.001630905412712774,2601.6725491371685,-4.0285019e-04,989437,231.58579,1461.22074,6.5702402e+03,1.0419186e+01,1.0394749e+03,3.8914835e+00,7.0421685e+03,1.1563951e+01,0,nan,nan,nan,nan,231.58579,1.1356972e-03,1461.22074,1.1687566e-03,-2.8506083e-02,-6.9633037e-02
0.023058024597958138,0.9963468350914344,0.001632674810579098,2601.673938024777,-4.0285086e-04,989438,231.59098,1461.22541,6.5921816e+03,1.0430510e+01,1.0310132e+03,3.8958356e+00,7.0646201e+03,1.1576518e+01,0,nan,nan,nan,nan,231.59098,1.1298715e-03,1461.22541,1.1671454e-03,-2.2352353e-02,-6.5355122e-02
0.02444691220534878,0.9930611194419947,0.0016303360714212947,2601.675326912384,-4.0285152e-04,989439,231.58379,1461.22367,6.5702520e+03,1.0415587e+01,1.0369791e+03,3.8917391e+00,7.0413359e+03,1.1559958e+01,0,nan,nan,nan,nan,231.58379,1.1347343e-03,1461.22367,1.1681226e-03,-3.0402057e-02,-7.1918994e-02
0.025835799812739424,0.9955664355933866,0.0016314706050774667,2601.6767157999916,-4.0285219e-04,989440,231.58463,1461.22239,6.5856382e+03,1.0422856e+01,1.0335079e+03,3.8929901e+00,7.0591138e+03,1.1568025e+01,0,nan,nan,nan,nan,231.58463,1.1315668e-03,1461.22239,1.1648650e-03,-2.8270703e-02,-6.9288500e-02
0.027224687420130067,0.9941768933309851,0.0016311409441257996,2601.678104687599,-4.0285286e-04,989441,231.58790,1461.22567,6.5778350e+03,1.0420772e+01,1.0311331e+03,3.8919301e+00,7.0492754e+03,1.1565710e+01,0,nan,nan,nan,nan,231.58790,1.1322839e-03,1461.22567,1.1677316e-03,-2.6345480e-02,-6.4995892e-02
0.02861357502752071,0.991046987368443,0.0016289219529406688,2601.6794935752064,-4.0285353e-04,989442,231.58831,1461.22152,6.5568384e+03,1.0406616e+01,1.0335983e+03,3.8932769e+00,7.0270972e+03,1.1550000e+01,0,nan,nan,nan,nan,231.58831,1.1347522e-03,1461.22152,1.1704332e-03,-2.6006211e-02,-7.1684845e-02
0.030002462664015184,0.9942133956610264,0.0016296258354726346,2601.680882462843,-4.0285417e-04,989443,231.59080,1461.22685,6.5779814e+03,1.0411136e+01,1.0309541e+03,3.8867998e+00,7.0495635e+03,1.1555016e+01,0,nan,nan,nan,nan,231.59080,1.1293018e-03,1461.22685,1.1675972e-03,-2.3820950e-02,-6.4041607e-02
0.03139135027140583,0.9944700477440719,0.0016298770846951936,2601.6822713504503,-4.0285484e-04,989444,231.58373,1461.21935,6.5764336e+03,1.0412764e+01,1.0267179e+03,3.8804386e+00,7.0513989e+03,1.1556822e+01,0,nan,nan,nan,nan,231.58373,1.1325664e-03,1461.21935,1.1683071e-03,-3.1176399e-02,-7.3432706e-02
0.03278023787879647,0.9929597136641313,0.0016298317209718382,2601.6836602380577,-4.0285551e-04,989445,231.58872,1461.22032,6.5703604e+03,1.0412497e+01,1.0324248e+03,3.8889191e+00,7.0407051e+03,1.1556526e+01,0,nan,nan,nan,nan,231.58872,1.1333297e-03,1461.22032,1.1675422e-03,-2.5112426e-02,-7.1694642e-02
0.03416912548618711,0.9902753021423942,0.0016292730947310894,2601.685049125665,-4.0285618e-04,989446,231.58366,1461.22000,6.5524839e+03,1.0408951e+01,1.0412561e+03,3.9053595e+00,7.0216870e+03,1.1552591e+01,0,nan,nan,nan,nan,231.58366,1.1328721e-03,1461.22000,1.1696350e-03,-2.8446389e-02,-7.0286728e-02
0.03555801312268159,0.9922593869182343,0.001629204474167723,2601.6864380133015,-4.0285682e-04,989447,231.58809,1461.22172,6.5677261e+03,1.0408537e+01,1.0295527e+03,3.8876522e+00,7.0357720e+03,1.1552132e+01,0,nan,nan,nan,nan,231.58809,1.1328103e-03,1461.22172,1.1683499e-03,-2.4644919e-02,-6.9686942e-02
0.03694690073007223,0.9931058612067977,0.001628868045416569,2601.687826900909,-4.0285749e-04,989448,231.58473,1461.22255,6.5697412e+03,1.0406412e+01,1.0292054e+03,3.8851838e+00,7.0417905e+03,1.1549773e+01,0,nan,nan,nan,nan,231.58473,1.1328801e-03,1461.22255,1.1686803e-03,-3.0516787e-02,-7.1441472e-02
0.03833578833746287,0.9929057175978532,0.0016297718484213509,2601.6892157885163,-4.0285816e-04,989449,231.59098,1461.22363,6.5713423e+03,1.0412211e+01,1.0334896e+03,3.8899977e+00,7.0403887e+03,1.1556211e+01,0,nan,nan,nan,nan,231.59098,1.1318292e-03,1461.22363,1.1677444e-03,-2.3034528e-02,-6.8050668e-02
0.03972467594576301,0.9902119896855189,0.0016289776967229577,2601.6906046761246,-4.0285883e-04,989450,231.58295,1461.22068,6.5546377e+03,1.0407164e+01,1.0355402e+03,3.8978465e+00,7.0213057e+03,1.1550608e+01,0,nan,nan,nan,nan,231.58295,1.1335138e-03,1461.22068,1.1681390e-03,-2.9042430e-02,-7.1208708e-02
0.041113563582257484,0.9940040083804271,0.0016305559909138411,2601.691993563761,-4.0285947e-04,989451,231.58804,1461.22120,6.5775410e+03,1.0417274e+01,1.0355513e+03,3.8939643e+00,7.0482114e+03,1.1561829e+01,0,nan,nan,nan,nan,231.58804,1.1304707e-03,1461.22120,1.1671924e-03,-2.6064962e-02,-7.0345663e-02
0.04250245118964813,0.9944549831815482,0.0016308109808309437,2601.6933824513685,-4.0286014e-04,989452,231.58797,1461.22528,6.5809365e+03,1.0418930e+01,1.0333976e+03,3.8912747e+00,7.0514277e+03,1.1563666e+01,0,nan,nan,nan,nan,231.58797,1.1291489e-03,1461.22528,1.1682468e-03,-2.4818758e-02,-6.5100871e-02
0.0438913388261426,0.9889312490828094,0.0016288940423592794,2601.694771339005,-4.0286078e-04,989453,231.58579,1461.22129,6.5425840e+03,1.0406711e+01,1.0356155e+03,3.8979857e+00,7.0122788e+03,1.1550104e+01,0,nan,nan,nan,nan,231.58579,1.1354709e-03,1461.22129,1.1740050e-03,-2.7705509e-02,-6.9675259e-02
0.045280226433533244,0.9921599912656014,0.0016283746248009852,2601.6961602266124,-4.0286145e-04,989454,231.58436,1461.22243,6.5649028e+03,1.0403420e+01,1.0322654e+03,3.8844912e+00,7.0351919e+03,1.1546453e+01,0,nan,nan,nan,nan,231.58436,1.1318711e-03,1461.22243,1.1680834e-03,-2.8329015e-02,-7.1168624e-02
0.04666911407002772,0.9904779601171567,0.0016279773237100536,2601.697549114249,-4.0286209e-04,989455,231.58919,1461.22211,6.5543823e+03,1.0400910e+01,1.0308328e+03,3.8863230e+00,7.0232842e+03,1.1543667e+01,0,nan,nan,nan,nan,231.58919,1.1334065e-03,1461.22211,1.1701708e-03,-2.5240190e-02,-6.9388464e-02
0.04805800167741836,0.9909247316780029,0.0016285623090733952,2601.6989380018563,-4.0286276e-04,989456,231.58698,1461.22306,6.5593169e+03,1.0404675e+01,1.0332806e+03,3.8897920e+00,7.0264717e+03,1.1547847e+01,0,nan,nan,nan,nan,231.58698,1.1336358e-03,1461.22306,1.1692729e-03,-2.6712662e-02,-6.9018729e-02
0.049446889313912834,0.9944209800816219,0.0016299954809550416,2601.7003268894928,-4.0286340e-04,989457,231.58453,1461.22240,6.5797725e+03,1.0413863e+01,1.0332015e+03,3.8872600e+00,7.0512832e+03,1.1558043e+01,0,nan,nan,nan,nan,231.58453,1.1312680e-03,1461.22240,1.1646163e-03,-2.9684540e-02,-6.9571480e-02
0.05083577692130348,0.9925948647472691,0.0016298054725181921,2601.7017157771,-4.0286407e-04,989458,231.58783,1461.22164,6.5679766e+03,1.0412678e+01,1.0246995e+03,3.8883920e+00,7.0383550e+03,1.1556728e+01,0,nan,nan,nan,nan,231.58783,1.1315848e-03,1461.22164,1.1688662e-03,-2.5932856e-02,-7.0217542e-02
0.05222466455779795,0.9937626412334758,0.001629280968975289,2601.7031046647367,-4.0286471e-04,989459,231.58675,1461.22174,6.5766060e+03,1.0409358e+01,1.0271486e+03,3.8870060e+00,7.0466562e+03,1.1553043e+01,0,nan,nan,nan,nan,231.58675,1.1302249e-03,1461.22174,1.1655147e-03,-2.6971746e-02,-6.9676600e-02
0.053613552165188594,0.9952594814059093,0.0016311121768817654,2601.704493552344,-4.0286538e-04,989460,231.58605,1461.22109,6.5863701e+03,1.0421089e+01,1.0322518e+03,3.8919144e+00,7.0572915e+03,1.1566063e+01,0,nan,nan,nan,nan,231.58605,1.1310896e-03,1461.22109,1.1651296e-03,-2.8047318e-02,-6.9600143e-02
0.05500243980077357,0.9935250410654328,0.0016313844627873183,2601.7058824399796,-4.0286602e-04,989461,231.58963,1461.22246,6.5751670e+03,1.0422861e+01,1.0321625e+03,3.8942871e+00,7.0450142e+03,1.1568029e+01,0,nan,nan,nan,nan,231.58963,1.1339048e-03,1461.22246,1.1677423e-03,-2.4257712e-02,-6.9438897e-02
0.056391327437722794,0.9953733958275217,0.0016301576565692162,2601.7072713276166,-4.0286666e-04,989462,231.58471,1461.22235,6.5867563e+03,1.0415056e+01,1.0282554e+03,3.8819435e+00,7.0581426e+03,1.1559366e+01,0,nan,nan,nan,nan,231.58471,1.1296592e-03,1461.22235,1.1652856e-03,-2.8860997e-02,-6.9757417e-02
0.05778021504602293,0.9925639246505955,0.001629376415068015,2601.708660215225,-4.0286733e-04,989463,231.58863,1461.22102,6.5704531e+03,1.0410096e+01,1.0335095e+03,3.8879478e+00,7.0382432e+03,1.1553863e+01,0,nan,nan,nan,nan,231.58863,1.1309119e-03,1461.22102,1.1656913e-03,-2.4804279e-02,-6.9523968e-02
0.05916910268297215,0.9917300860335104,0.001630794964582533,2601.710049102862,-4.0286797e-04,989464,231.58505,1461.22237,6.5637529e+03,1.0419193e+01,1.0348131e+03,3.8988559e+00,7.0323530e+03,1.1563959e+01,0,nan,nan,nan,nan,231.58505,1.1353017e-03,1461.22237,1.1686832e-03,-2.8285703e-02,-6.9865316e-02
0.060557990319466626,0.9941432587278489,0.0016311735939040846,2601.7114379904983,-4.0286861e-04,989465,231.58521,1461.22251,6.5758369e+03,1.0421647e+01,1.0399586e+03,3.8967631e+00,7.0494878e+03,1.1566682e+01,0,nan,nan,nan,nan,231.58521,1.1327825e-03,1461.22251,1.1658574e-03,-2.9570078e-02,-6.8732604e-02
0.0619468779559611,0.993508768194361,0.0016293951864973883,2601.712826878135,-4.0286925e-04,989466,231.58882,1461.22254,6.5738428e+03,1.0410319e+01,1.0321511e+03,3.8851254e+00,7.0450122e+03,1.1554110e+01,0,nan,nan,nan,nan,231.58882,1.1302987e-03,1461.22254,1.1670442e-03,-2.3500049e-02,-6.8757400e-02
0.06333576556244225,0.9946741854832293,0.0016312507072588577,2601.7142157657413,-4.0286992e-04,989467,231.58409,1461.22317,6.5814839e+03,1.0422208e+01,1.0309647e+03,3.8934665e+00,7.0532998e+03,1.1567306e+01,0,nan,nan,nan,nan,231.58409,1.1323867e-03,1461.22317,1.1666863e-03,-3.0549016e-02,-6.9608562e-02
0.06472465319939147,0.9938236065165048,0.001629692509743804,2601.7156046533783,-4.0287056e-04,989468,231.59193,1461.22152,6.5783057e+03,1.0412290e+01,1.0329581e+03,3.8867812e+00,7.0472925e+03,1.1556296e+01,0,nan,nan,nan,nan,231.59193,1.1312953e-03,1461.22152,1.1674239e-03,-2.2223935e-02,-6.9305733e-02
0.06611354083634069,0.9920104764956285,0.0016305375335468727,2601.716993541015,-4.0287120e-04,989469,231.58772,1461.22250,6.5637339e+03,1.0417724e+01,1.0322052e+03,3.8946278e+00,7.0344600e+03,1.1562328e+01,0,nan,nan,nan,nan,231.58772,1.1315723e-03,1461.22250,1.1689545e-03,-2.6125822e-02,-6.8818599e-02
0.06750242847192567,0.9945068638009783,0.0016309234255173124,2601.718382428651,-4.0287184e-04,989470,231.58683,1461.22046,6.5798740e+03,1.0420226e+01,1.0347278e+03,3.8909392e+00,7.0521870e+03,1.1565105e+01,0,nan,nan,nan,nan,231.58683,1.1330987e-03,1461.22046,1.1662274e-03,-2.7661741e-02,-7.0001349e-02
0.06889131610887489,0.9920073013523619,0.0016290358385235416,2601.7197713162877,-4.0287248e-04,989471,231.58689,1461.22076,6.5654185e+03,1.0408204e+01,1.0354139e+03,3.8903708e+00,7.0344873e+03,1.1551762e+01,0,nan,nan,nan,nan,231.58689,1.1338342e-03,1461.22076,1.1681081e-03,-2.6020022e-02,-7.0633821e-02
0.07028020374582411,0.9937912025758557,0.001631318340819583,2601.7211602039247,-4.0287312e-04,989472,231.58670,1461.22321,6.5761514e+03,1.0422826e+01,1.0423130e+03,3.9010704e+00,7.0471631e+03,1.1567989e+01,0,nan,nan,nan,nan,231.58670,1.1326200e-03,1461.22321,1.1669203e-03,-2.7926737e-02,-6.8581462e-02
0.07166909138140909,0.9914866459077861,0.0016289290025649154,2601.7225490915603,-4.0287376e-04,989473,231.59033,1461.22293,6.5613457e+03,1.0407598e+01,1.0337839e+03,3.8940561e+00,7.0308467e+03,1.1551089e+01,0,nan,nan,nan,nan,231.59033,1.1347111e-03,1461.22293,1.1688364e-03,-2.3011886e-02,-6.7874312e-02
0.07305797898925448,0.9913643212630289,0.0016302124498866325,2601.723937979168,-4.0287443e-04,989474,231.58582,1461.22360,6.5590396e+03,1.0415837e+01,1.0355563e+03,3.8981366e+00,7.0300059e+03,1.1560233e+01,0,nan,nan,nan,nan,231.58582,1.1337820e-03,1461.22360,1.1714806e-03,-2.8699504e-02,-6.7321390e-02
0.0744468666262037,0.9942178070206974,0.0016311504496226022,2601.725326866805,-4.0287507e-04,989475,231.58627,1461.21865,6.5805933e+03,1.0421869e+01,1.0361458e+03,3.8938642e+00,7.0502671e+03,1.1566929e+01,0,nan,nan,nan,nan,231.58627,1.1312657e-03,1461.21865,1.1662976e-03,-2.6935352e-02,-7.2855540e-02
0.07583575429089251,0.9933104250775849,0.0016309402564066093,2601.7267157544698,-4.0287568e-04,989476,231.58961,1461.22212,6.5754204e+03,1.0420567e+01,1.0292754e+03,3.8910441e+00,7.0438599e+03,1.1565483e+01,0,nan,nan,nan,nan,231.58961,1.1297949e-03,1461.22212,1.1689790e-03,-2.4896335e-02,-6.8179771e-02
0.07722464192829648,0.9919804708626593,0.0016289213815227984,2601.728104642107,-4.0287632e-04,989477,231.59071,1461.22218,6.5636675e+03,1.0407708e+01,1.0326874e+03,3.8897104e+00,7.0344561e+03,1.1551211e+01,0,nan,nan,nan,nan,231.59071,1.1332883e-03,1461.22218,1.1691567e-03,-2.4406966e-02,-6.9248788e-02
0.07861352956570045,0.994579581090634,0.001629243508129199,2601.7294935297446,-4.0287696e-04,989478,231.58449,1461.22408,6.5804653e+03,1.0409807e+01,1.0282662e+03,3.8816435e+00,7.0529150e+03,1.1553541e+01,0,nan,nan,nan,nan,231.58449,1.1295665e-03,1461.22408,1.1654255e-03,-2.8138291e-02,-6.9011636e-02
0.08000241720174017,0.9918079445611013,0.0016292599577821237,2601.7308824173806,-4.0287760e-04,989479,231.58605,1461.22399,6.5630762e+03,1.0409954e+01,1.0351400e+03,3.8934724e+00,7.0332886e+03,1.1553704e+01,0,nan,nan,nan,nan,231.58605,1.1336444e-03,1461.22399,1.1680323e-03,-2.7193146e-02,-6.8492897e-02
0.08139130483823465,0.9922382062439509,0.0016303599286320134,2601.732271305017,-4.0287824e-04,989480,231.58820,1461.22206,6.5678569e+03,1.0417025e+01,1.0373778e+03,3.8962719e+00,7.0363682e+03,1.1561551e+01,0,nan,nan,nan,nan,231.58820,1.1318513e-03,1461.22206,1.1692472e-03,-2.5279626e-02,-7.1439587e-02
0.08278019247518387,0.9926249545574243,0.0016293206992254027,2601.733660192654,-4.0287888e-04,989481,231.58538,1461.21985,6.5684165e+03,1.0410426e+01,1.0332772e+03,3.8895137e+00,7.0391396e+03,1.1554229e+01,0,nan,nan,nan,nan,231.58538,1.1326354e-03,1461.21985,1.1670367e-03,-2.6874743e-02,-7.0246391e-02
0.08416908011076885,0.9945538588370199,0.0016306364167669946,2601.7350490802896,-4.0287952e-04,989482,231.58967,1461.22124,6.5805034e+03,1.0418877e+01,1.0310936e+03,3.8906293e+00,7.0528477e+03,1.1563607e+01,0,nan,nan,nan,nan,231.58967,1.1313161e-03,1461.22124,1.1666302e-03,-2.4377808e-02,-6.9003671e-02
0.08555796774771807,0.9946825507358821,0.0016312987806762688,2601.7364379679266,-4.0288016e-04,989483,231.58212,1461.22317,6.5828511e+03,1.0423152e+01,1.0396439e+03,3.8967361e+00,7.0537900e+03,1.1568354e+01,0,nan,nan,nan,nan,231.58212,1.1318640e-03,1461.22317,1.1662754e-03,-3.1149819e-02,-6.7005001e-02
0.08694685541377112,0.9927297741897452,0.0016297313841449805,2601.7378268555926,-4.0288077e-04,989484,231.58768,1461.22078,6.5697954e+03,1.0413182e+01,1.0353419e+03,3.8919032e+00,7.0399722e+03,1.1557287e+01,0,nan,nan,nan,nan,231.58768,1.1323649e-03,1461.22078,1.1669626e-03,-2.6372531e-02,-7.1471989e-02
0.0883357430493561,0.9948078514531354,0.0016307230576919189,2601.739215743228,-4.0288141e-04,989485,231.58796,1461.22240,6.5836548e+03,1.0419564e+01,1.0312631e+03,3.8915641e+00,7.0547393e+03,1.1564370e+01,0,nan,nan,nan,nan,231.58796,1.1315433e-03,1461.22240,1.1663672e-03,-2.4624739e-02,-6.9333330e-02
0.08972463068585057,0.9939232044580767,0.0016302662507747601,2601.7406046308647,-4.0288205e-04,989486,231.59000,1461.21809,6.5775786e+03,1.0416691e+01,1.0322413e+03,3.8857739e+00,7.0484966e+03,1.1561181e+01,0,nan,nan,nan,nan,231.59000,1.1322822e-03,1461.21809,1.1677321e-03,-2.4992421e-02,-7.1898960e-02
0.09111351832234504,0.9934004936919819,0.0016297184233776186,2601.741993518501,-4.0288270e-04,989487,231.58469,1461.22500,6.5758350e+03,1.0413236e+01,1.0299430e+03,3.8881869e+00,7.0448208e+03,1.1557347e+01,0,nan,nan,nan,nan,231.58469,1.1323887e-03,1461.22500,1.1665147e-03,-2.9168257e-02,-6.6475242e-02
0.09250240598794335,0.9944929111723718,0.0016303952731264704,2601.743382406167,-4.0288331e-04,989488,231.58412,1461.22200,6.5807544e+03,1.0417607e+01,1.0312367e+03,3.8888988e+00,7.0525991e+03,1.1562199e+01,0,nan,nan,nan,nan,231.58412,1.1324794e-03,1461.22200,1.1664141e-03,-2.8620178e-02,-7.0296258e-02
0.09389129362443782,0.9940394614631317,0.001630433714606908,2601.7447712938033,-4.0288395e-04,989489,231.58748,1461.22087,6.5784478e+03,1.0417900e+01,1.0353816e+03,3.8900902e+00,7.0494155e+03,1.1562524e+01,0,nan,nan,nan,nan,231.58748,1.1315792e-03,1461.22087,1.1653812e-03,-2.6374880e-02,-7.0801392e-02
0.09528018129094562,0.9935250177223939,0.0016300650650977512,2601.74616018147,-4.0288456e-04,989490,231.58674,1461.22276,6.5761694e+03,1.0415593e+01,1.0268425e+03,3.8881063e+00,7.0457993e+03,1.1559962e+01,0,nan,nan,nan,nan,231.58674,1.1319407e-03,1461.22276,1.1668643e-03,-2.5494080e-02,-6.9592543e-02
0.09666906892834959,0.9950915783023874,0.0016310039673993716,2601.747549069107,-4.0288520e-04,989491,231.58296,1461.22136,6.5855664e+03,1.0421640e+01,1.0295319e+03,3.8907857e+00,7.0569419e+03,1.1566674e+01,0,nan,nan,nan,nan,231.58296,1.1314618e-03,1461.22136,1.1662638e-03,-3.0132312e-02,-6.9984205e-02
0.09805795656393457,0.9915881926090543,0.0016285762405026999,2601.748937956743,-4.0288584e-04,989492,231.59142,1461.22126,6.5645254e+03,1.0406177e+01,1.0334546e+03,3.8868978e+00,7.0321294e+03,1.1549511e+01,0,nan,nan,nan,nan,231.59142,1.1315804e-03,1461.22126,1.1674728e-03,-2.2832770e-02,-7.1049415e-02
0.09944684422953287,0.9946251487618815,0.00163071894734109,2601.7503268444084,-4.0288645e-04,989493,231.58732,1461.22350,6.5826738e+03,1.0419917e+01,1.0335488e+03,3.8893063e+00,7.0537002e+03,1.1564762e+01,0,nan,nan,nan,nan,231.58732,1.1327493e-03,1461.22350,1.1666444e-03,-2.6228467e-02,-6.9011047e-02
0.10083573186602734,0.9930802296809133,0.0016291234896028337,2601.751715732045,-4.0288709e-04,989494,231.58439,1461.22188,6.5706157e+03,1.0409771e+01,1.0337230e+03,3.8872440e+00,7.0427778e+03,1.1553502e+01,0,nan,nan,nan,nan,231.58439,1.1319719e-03,1461.22188,1.1679759e-03,-2.6733035e-02,-6.9056869e-02
0.10222461953162565,0.9921887719868447,0.0016293376991356942,2601.7531046197105,-4.0288770e-04,989495,231.58502,1461.21927,6.5655737e+03,1.0411192e+01,1.0376191e+03,3.8911607e+00,7.0364897e+03,1.1555078e+01,0,nan,nan,nan,nan,231.58502,1.1331082e-03,1461.21927,1.1676245e-03,-2.7467040e-02,-7.1420617e-02
0.10361350716812012,0.9963251499865973,0.0016315378241524034,2601.754493507347,-4.0288834e-04,989496,231.58447,1461.22279,6.5944805e+03,1.0425302e+01,1.0397166e+03,3.8869860e+00,7.0658589e+03,1.1570737e+01,0,nan,nan,nan,nan,231.58447,1.1300560e-03,1461.22279,1.1649913e-03,-2.8452612e-02,-6.9003098e-02
0.10500239483371843,0.994247350749725,0.0016306513045235421,2601.7558823950126,-4.0288895e-04,989497,231.58948,1461.22450,6.5799004e+03,1.0419688e+01,1.0381467e+03,3.8944585e+00,7.0511582e+03,1.1564507e+01,0,nan,nan,nan,nan,231.58948,1.1304783e-03,1461.22450,1.1664139e-03,-2.5194163e-02,-6.8006918e-02
0.10639128249931673,0.99789381492109,0.001632526781279204,2601.757271282678,-4.0288956e-04,989498,231.58842,1461.21810,6.6042852e+03,1.0431724e+01,1.0277423e+03,3.8858821e+00,7.0770542e+03,1.1577866e+01,0,nan,nan,nan,nan,231.58842,1.1275859e-03,1461.21810,1.1640226e-03,-2.6727600e-02,-7.3265269e-02
0.1077801701358112,0.995926111906223,0.0016312778745973006,2601.7586601703147,-4.0289020e-04,989499,231.59009,1461.22313,6.5930278e+03,1.0423796e+01,1.0348191e+03,3.8884749e+00,7.0631348e+03,1.1569067e+01,0,nan,nan,nan,nan,231.59009,1.1297429e-03,1461.22313,1.1669765e-03,-2.4786983e-02,-6.8871520e-02
0.10916905780140951,0.9969489471758107,0.0016323260137406897,2601.7600490579803,-4.0289082e-04,989500,231.58501,1461.22224,6.5960288e+03,1.0430547e+01,1.0398922e+03,3.8944216e+00,7.0704248e+03,1.1576559e+01,0,nan,nan,nan,nan,231.58501,1.1305782e-03,1461.22224,1.1638066e-03,-3.1496380e-02,-6.9059454e-02
0.11055794543790398,0.9971532595762913,0.0016320751141158955,2601.7614379456168,-4.0289146e-04,989501,231.58615,1461.22081,6.5968564e+03,1.0428997e+01,1.0337230e+03,3.8880444e+00,7.0719106e+03,1.1574840e+01,0,nan,nan,nan,nan,231.58615,1.1316518e-03,1461.22081,1.1632978e-03,-2.6206009e-02,-7.1328811e-02
0.11194683310350229,0.9973018277719948,0.0016316345723212525,2601.7628268332824,-4.0289207e-04,989502,231.58954,1461.22430,6.5996685e+03,1.0426235e+01,1.0326202e+03,3.8892984e+00,7.0730010e+03,1.1571775e+01,0,nan,nan,nan,nan,231.58954,1.1278662e-03,1461.22430,1.1638171e-03,-2.3728156e-02,-6.8649508e-02
0.11333572077001008,0.9986836900032764,0.0016330523436889877,2601.764215720949,-4.0289268e-04,989503,231.58661,1461.22145,6.6113115e+03,1.0435350e+01,1.0361716e+03,3.8929987e+00,7.0828384e+03,1.1581891e+01,0,nan,nan,nan,nan,231.58661,1.1265801e-03,1461.22145,1.1629761e-03,-2.7316444e-02,-7.1049415e-02
0.11472460843560839,1.0009559764667262,0.001635419549628507,2601.7656046086145,-4.0289329e-04,989504,231.58803,1461.22319,6.6238057e+03,1.0450532e+01,1.0366313e+03,3.8994732e+00,7.0989917e+03,1.1598742e+01,0,nan,nan,nan,nan,231.58803,1.1271057e-03,1461.22319,1.1624703e-03,-2.5696980e-02,-6.9923960e-02
0.11611349607255761,0.9950937762184136,0.001631202653771803,2601.7669934962514,-4.0289393e-04,989505,231.58807,1461.22407,6.5848018e+03,1.0423642e+01,1.0390541e+03,3.8939154e+00,7.0574536e+03,1.1568896e+01,0,nan,nan,nan,nan,231.58807,1.1291649e-03,1461.22407,1.1672621e-03,-2.5371244e-02,-6.8157047e-02
0.11750238373861066,0.9994777653096177,0.0016328941057394655,2601.7683823839175,-4.0289454e-04,989506,231.58752,1461.22210,6.6142544e+03,1.0434508e+01,1.0297936e+03,3.8875744e+00,7.0885845e+03,1.1580956e+01,0,nan,nan,nan,nan,231.58752,1.1270214e-03,1461.22210,1.1622596e-03,-2.6241057e-02,-6.9616958e-02
0.11889127140329947,1.0014358380596589,0.0016352540228702442,2601.769771271582,-4.0289515e-04,989507,231.58355,1461.22387,6.6276694e+03,1.0449645e+01,1.0381188e+03,3.9046140e+00,7.1025107e+03,1.1597756e+01,0,nan,nan,nan,nan,231.58355,1.1261530e-03,1461.22387,1.1605074e-03,-3.0154342e-02,-6.8293504e-02
0.12028015906889777,1.0003985593814608,0.0016334686063415027,2601.7711601592478,-4.0289576e-04,989508,231.58786,1461.22432,6.6182305e+03,1.0438293e+01,1.0313002e+03,3.8888333e+00,7.0951929e+03,1.1585157e+01,0,nan,nan,nan,nan,231.58786,1.1266324e-03,1461.22432,1.1627196e-03,-2.4671791e-02,-7.0247956e-02
0.12166904673449608,0.9994623491865607,0.0016330662948244306,2601.7725490469134,-4.0289637e-04,989509,231.58841,1461.22313,6.6145664e+03,1.0435781e+01,1.0330385e+03,3.8876143e+00,7.0885923e+03,1.1582369e+01,0,nan,nan,nan,nan,231.58841,1.1263894e-03,1461.22313,1.1624752e-03,-2.6183289e-02,-7.0223428e-02
0.12305793440009438,0.9979923811031232,0.001633805988056476,2601.773937934579,-4.0289699e-04,989510,231.58613,1461.22014,6.6047593e+03,1.0440566e+01,1.0391318e+03,3.8950872e+00,7.0782065e+03,1.1587680e+01,0,nan,nan,nan,nan,231.58613,1.1294658e-03,1461.22014,1.1638682e-03,-2.7186165e-02,-6.9471061e-02
0.12444682206478319,0.9979156297005178,0.0016328401040403703,2601.7753268222436,-4.0289760e-04,989511,231.58592,1461.22092,6.6047847e+03,1.0434453e+01,1.0390305e+03,3.8937631e+00,7.0777021e+03,1.1580895e+01,0,nan,nan,nan,nan,231.58592,1.1285163e-03,1461.22092,1.1620919e-03,-2.6620721e-02,-7.0780382e-02
0.1258357097017324,0.999246515214967,0.0016326697611716014,2601.7767157098806,-4.0289824e-04,989512,231.58883,1461.22224,6.6133018e+03,1.0433423e+01,1.0365029e+03,3.8898172e+00,7.0871821e+03,1.1579753e+01,0,nan,nan,nan,nan,231.58883,1.1270343e-03,1461.22224,1.1616378e-03,-2.5395883e-02,-6.8726458e-02
0.12722459736778546,1.001660802149113,0.0016346378673129456,2601.7781045975466,-4.0289885e-04,989513,231.58727,1461.22204,6.6271240e+03,1.0446062e+01,1.0339363e+03,3.8954623e+00,7.1043467e+03,1.1593780e+01,0,nan,nan,nan,nan,231.58727,1.1264266e-03,1461.22204,1.1601642e-03,-2.5302470e-02,-6.7469664e-02
0.12861348503247427,0.9976921100398405,0.0016332811044847853,2601.7794934852113,-4.0289946e-04,989514,231.58803,1461.22149,6.6040371e+03,1.0437452e+01,1.0388959e+03,3.8958328e+00,7.0762397e+03,1.1584224e+01,0,nan,nan,nan,nan,231.58803,1.1293978e-03,1461.22149,1.1632155e-03,-2.6039550e-02,-7.0442751e-02
0.13000237272763115,1.0006138915410678,0.0016337201753410242,2601.7808823729065,-4.0290004e-04,989515,231.59032,1461.22306,6.6214277e+03,1.0440320e+01,1.0305836e+03,3.8879280e+00,7.0970044e+03,1.1587406e+01,0,nan,nan,nan,nan,231.59032,1.1260973e-03,1461.22306,1.1620045e-03,-2.3529764e-02,-6.9597431e-02
0.1313912603936842,0.9996121758877246,0.0016341903964672013,2601.7822712605725,-4.0290065e-04,989516,231.58499,1461.22521,6.6145366e+03,1.0443386e+01,1.0335515e+03,3.8907564e+00,7.0899419e+03,1.1590810e+01,0,nan,nan,nan,nan,231.58499,1.1256728e-03,1461.22521,1.1651019e-03,-2.8485674e-02,-6.9136515e-02
0.1327801480592825,0.9994691530638561,0.0016332156376407038,2601.783660148238,-4.0290126e-04,989517,231.58588,1461.22094,6.6149766e+03,1.0437221e+01,1.0353228e+03,3.8881614e+00,7.0889697e+03,1.1583966e+01,0,nan,nan,nan,nan,231.58588,1.1265347e-03,1461.22094,1.1630359e-03,-2.7934307e-02,-7.0479758e-02
0.1341690357257903,1.0002979081350476,0.001633976992428638,2601.7850490359046,-4.0290187e-04,989518,231.59559,1461.23217,6.6194351e+03,1.0442148e+01,1.0378712e+03,3.8928993e+00,7.0948911e+03,1.1589436e+01,0,nan,nan,nan,nan,231.59559,1.1253658e-03,1461.23217,1.1636089e-03,-1.7472694e-02,-5.7226952e-02
0.1355579233913886,1.000327024064231,0.0016326255580922692,2601.7864379235702,-4.0290249e-04,989519,231.58412,1461.22062,6.6156401e+03,1.0433575e+01,1.0322834e+03,3.8890624e+00,7.0951406e+03,1.1579921e+01,0,nan,nan,nan,nan,231.58412,1.1266985e-03,1461.22062,1.1631419e-03,-2.9919662e-02,-7.3786512e-02
0.13694681105698692,1.0000496752515466,0.0016327786000292605,2601.787826811236,-4.0290310e-04,989520,231.58487,1461.21788,6.6170400e+03,1.0434618e+01,1.0269363e+03,3.8877652e+00,7.0932173e+03,1.1581078e+01,0,nan,nan,nan,nan,231.58487,1.1268423e-03,1461.21788,1.1616373e-03,-3.1554479e-02,-7.6887295e-02
0.13833569872258522,0.997118911680607,0.0016313491516135362,2601.7892156989014,-4.0290371e-04,989521,231.58821,1461.22085,6.5959121e+03,1.0425547e+01,1.0348789e+03,3.8891144e+00,7.0724736e+03,1.1571011e+01,0,nan,nan,nan,nan,231.58821,1.1291981e-03,1461.22085,1.1646630e-03,-2.7016850e-02,-7.0504919e-02
0.13972458638818352,0.9980843624670587,0.0016320475608112182,2601.790604586567,-4.0290432e-04,989522,231.59111,1461.22466,6.6043306e+03,1.0430076e+01,1.0333514e+03,3.8898702e+00,7.0793657e+03,1.1576036e+01,0,nan,nan,nan,nan,231.59111,1.1282543e-03,1461.22466,1.1629403e-03,-2.3479454e-02,-6.5067813e-02
0.14111347408197616,0.9993308500340005,0.0016324654180357725,2601.791993474261,-4.0290490e-04,989523,231.59177,1461.22696,6.6130542e+03,1.0432813e+01,1.0283268e+03,3.8933442e+00,7.0882515e+03,1.1579074e+01,0,nan,nan,nan,nan,231.59177,1.1266039e-03,1461.22696,1.1619945e-03,-2.3029098e-02,-6.0953427e-02
0.14250236174802922,1.0022607623765156,0.0016359505985508206,2601.793382361927,-4.0290551e-04,989524,231.58874,1461.22468,6.6316641e+03,1.0455152e+01,1.0302266e+03,3.9018688e+00,7.1090786e+03,1.1603868e+01,0,nan,nan,nan,nan,231.58874,1.1262702e-03,1461.22468,1.1638004e-03,-2.6140224e-02,-7.0254646e-02
0.14389124941408227,1.000246430403901,0.001633766185490779,2601.794771249593,-4.0290612e-04,989525,231.58598,1461.21565,6.6167905e+03,1.0441258e+01,1.0369962e+03,3.8929913e+00,7.0948364e+03,1.1588448e+01,0,nan,nan,nan,nan,231.58598,1.1270873e-03,1461.21565,1.1625030e-03,-2.7804941e-02,-7.6778695e-02
0.1452801371078749,0.9993516209224684,0.0016325404516769125,2601.7961601372867,-4.0290671e-04,989526,231.58281,1461.22368,6.6144229e+03,1.0433492e+01,1.0317318e+03,3.8922496e+00,7.0885352e+03,1.1579828e+01,0,nan,nan,nan,nan,231.58281,1.1266923e-03,1461.22368,1.1631890e-03,-2.9872350e-02,-6.8741821e-02
0.14666902477392796,1.001673297025782,0.0016334363274917098,2601.797549024953,-4.0290732e-04,989527,231.58395,1461.21984,6.6263628e+03,1.0439286e+01,1.0324111e+03,3.8834896e+00,7.1050493e+03,1.1586259e+01,0,nan,nan,nan,nan,231.58395,1.1255561e-03,1461.21984,1.1607883e-03,-3.0698087e-02,-7.3494665e-02
0.148057912439981,0.9991469170585986,0.0016326159606752514,2601.798937912619,-4.0290793e-04,989528,231.58628,1461.22214,6.6121240e+03,1.0434111e+01,1.0314563e+03,3.8879883e+00,7.0871758e+03,1.1580516e+01,0,nan,nan,nan,nan,231.58628,1.1263911e-03,1461.22214,1.1621335e-03,-2.7160486e-02,-6.9979846e-02
0.14944680013377365,0.998176301786179,0.001632356296241541,2601.8003268003126,-4.0290851e-04,989529,231.58708,1461.21897,6.6035391e+03,1.0432521e+01,1.0349840e+03,3.8871014e+00,7.0803379e+03,1.1578751e+01,0,nan,nan,nan,nan,231.58708,1.1292661e-03,1461.21897,1.1642204e-03,-2.8626893e-02,-7.1047872e-02
0.15083568780028145,0.9990187565628502,0.0016333745208254825,2601.801715687979,-4.0290912e-04,989530,231.58866,1461.22505,6.6123262e+03,1.0439097e+01,1.0370529e+03,3.8978539e+00,7.0863608e+03,1.1586050e+01,0,nan,nan,nan,nan,231.58866,1.1252566e-03,1461.22505,1.1642056e-03,-2.4600411e-02,-6.8277262e-02
0.15222457549589308,1.0001695073511907,0.0016327087057331176,2601.8031045756748,-4.0290970e-04,989531,231.59212,1461.22794,6.6196274e+03,1.0434913e+01,1.0307018e+03,3.8821192e+00,7.0945713e+03,1.1581406e+01,0,nan,nan,nan,nan,231.59212,1.1257135e-03,1461.22794,1.1620236e-03,-2.0183075e-02,-6.1846044e-02
0.15361346316149138,0.9977362725343044,0.0016320873396970454,2601.8044934633403,-4.0291031e-04,989532,231.58449,1461.22091,6.6012305e+03,1.0431012e+01,1.0318116e+03,3.8908191e+00,7.0773594e+03,1.1577076e+01,0,nan,nan,nan,nan,231.58449,1.1294581e-03,1461.22091,1.1642738e-03,-2.8663121e-02,-7.0585698e-02
0.15500235085619352,1.0033764759712613,0.0016345339439122666,2601.805882351035,-4.0291090e-04,989533,231.59006,1461.22514,6.6389058e+03,1.0446720e+01,1.0309539e+03,3.8853009e+00,7.1174165e+03,1.1594510e+01,0,nan,nan,nan,nan,231.59006,1.1247194e-03,1461.22514,1.1608182e-03,-2.2198698e-02,-6.6323318e-02
0.15639123852179182,0.9991703698655717,0.0016333523441118976,2601.8072712387007,-4.0291151e-04,989534,231.58458,1461.22276,6.6121182e+03,1.0439240e+01,1.0331188e+03,3.9051883e+00,7.0876294e+03,1.1586208e+01,0,nan,nan,nan,nan,231.58458,1.1271243e-03,1461.22276,1.1630694e-03,-3.0215189e-02,-7.1933046e-02
0.1577801262160392,1.002722162695174,0.0016345069371606724,2601.808660126395,-4.0291209e-04,989535,231.58598,1461.22012,6.6339707e+03,1.0446691e+01,1.0366530e+03,3.8913727e+00,7.1128735e+03,1.1594479e+01,0,nan,nan,nan,nan,231.58598,1.1248534e-03,1461.22012,1.1612111e-03,-2.7922349e-02,-7.0411481e-02
0.15916901388118276,1.0033513113291561,0.001635711780680254,2601.81004901406,-4.0291270e-04,989536,231.58643,1461.22695,6.6375952e+03,1.0454466e+01,1.0311484e+03,3.8951800e+00,7.1173862e+03,1.1603106e+01,0,nan,nan,nan,nan,231.58643,1.1251881e-03,1461.22695,1.1619858e-03,-2.6326915e-02,-6.7992628e-02
0.1605579015758849,0.9987478118850865,0.001631356263273307,2601.8114379017547,-4.0291328e-04,989537,231.59016,1461.22142,6.6106548e+03,1.0426701e+01,1.0253689e+03,3.8788533e+00,7.0847803e+03,1.1572291e+01,0,nan,nan,nan,nan,231.59016,1.1252242e-03,1461.22142,1.1631364e-03,-2.4344131e-02,-7.0065655e-02
0.1619467892414832,0.9995893204943317,0.001632576908852015,2601.8128267894203,-4.0291389e-04,989538,231.58658,1461.22259,6.6129814e+03,1.0434577e+01,1.0358511e+03,3.8891635e+00,7.0907998e+03,1.1581033e+01,0,nan,nan,nan,nan,231.58658,1.1254873e-03,1461.22259,1.1624115e-03,-2.7007408e-02,-6.9804996e-02
0.16333567693618534,0.998061654052717,0.0016315260591955778,2601.814215677115,-4.0291448e-04,989539,231.58702,1461.22267,6.6044277e+03,1.0427935e+01,1.0322496e+03,3.8840692e+00,7.0800137e+03,1.1573661e+01,0,nan,nan,nan,nan,231.58702,1.1282824e-03,1461.22267,1.1633271e-03,-2.6289744e-02,-6.8505958e-02
0.16472456463088747,1.0015046977226236,0.00163299885146443,2601.8156045648097,-4.0291506e-04,989540,231.58582,1461.22126,6.6277173e+03,1.0437423e+01,1.0307219e+03,3.8839505e+00,7.1044888e+03,1.1584191e+01,0,nan,nan,nan,nan,231.58582,1.1248771e-03,1461.22126,1.1588030e-03,-2.8265500e-02,-6.9481239e-02
0.16611345229648578,0.9984877583384671,0.0016318870029578025,2601.8169934524753,-4.0291567e-04,989541,231.58263,1461.22095,6.6079565e+03,1.0430393e+01,1.0320251e+03,3.8888092e+00,7.0831387e+03,1.1576388e+01,0,nan,nan,nan,nan,231.58263,1.1264962e-03,1461.22095,1.1617281e-03,-2.9242117e-02,-6.9862023e-02
0.1675023399911879,0.9999767970068216,0.0016334873400353155,2601.81838234017,-4.0291625e-04,989542,231.58782,1461.22419,6.6185640e+03,1.0440698e+01,1.0323042e+03,3.8906126e+00,7.0937534e+03,1.1587826e+01,0,nan,nan,nan,nan,231.58782,1.1260443e-03,1461.22419,1.1635029e-03,-2.4358960e-02,-6.8210252e-02
0.16889122768589004,1.0000067420442378,0.0016338473596382648,2601.8197712278647,-4.0291683e-04,989543,231.59085,1461.22391,6.6198823e+03,1.0443075e+01,1.0325327e+03,3.8913698e+00,7.0940181e+03,1.1590465e+01,0,nan,nan,nan,nan,231.59085,1.1271584e-03,1461.22391,1.1633730e-03,-2.2591518e-02,-6.8160802e-02
0.17028011538150167,0.9995030965924356,0.0016320478660602543,2601.8211601155604,-4.0291742e-04,989544,231.58597,1461.22611,6.6143438e+03,1.0431650e+01,1.0306758e+03,3.8844783e+00,7.0904976e+03,1.1577785e+01,0,nan,nan,nan,nan,231.58597,1.1264839e-03,1461.22611,1.1625368e-03,-2.7624657e-02,-6.4493448e-02
0.17166900304709998,0.9995671324558618,0.0016324131977450463,2601.822549003226,-4.0291803e-04,989545,231.58940,1461.22052,6.6125605e+03,1.0434063e+01,1.0334082e+03,3.8855963e+00,7.0910049e+03,1.1580462e+01,0,nan,nan,nan,nan,231.58940,1.1263491e-03,1461.22052,1.1634539e-03,-2.3655362e-02,-7.1976267e-02
0.17305789074225686,1.0013806460869472,0.00163299405115245,2601.823937890921,-4.0291861e-04,989546,231.57769,1461.21619,6.6238477e+03,1.0437855e+01,1.0261100e+03,3.8858047e+00,7.1039233e+03,1.1584670e+01,0,nan,nan,nan,nan,231.57769,1.1262549e-03,1461.21619,1.1616520e-03,-3.7793115e-02,-7.9490907e-02
0.17444677843741374,0.9981161878197016,0.0016320025979244424,2601.8253267786163,-4.0291919e-04,989547,231.58950,1461.22556,6.6070049e+03,1.0431597e+01,1.0338660e+03,3.8895693e+00,7.0808184e+03,1.1577724e+01,0,nan,nan,nan,nan,231.58950,1.1260500e-03,1461.22556,1.1626579e-03,-2.1925880e-02,-6.8240024e-02
0.17583566613120638,1.0000046468684007,0.0016336106243267127,2601.82671566631,-4.0291977e-04,989548,231.58429,1461.22074,6.6188413e+03,1.0441954e+01,1.0288438e+03,3.8876691e+00,7.0942695e+03,1.1589220e+01,0,nan,nan,nan,nan,231.58429,1.1260827e-03,1461.22074,1.1631101e-03,-2.7622072e-02,-7.1925171e-02
0.17722455382590852,0.9974473636574196,0.0016309899483249928,2601.8281045540048,-4.0292036e-04,989549,231.58701,1461.22120,6.5998750e+03,1.0425282e+01,1.0299757e+03,3.8863440e+00,7.0761816e+03,1.1570717e+01,0,nan,nan,nan,nan,231.58701,1.1280518e-03,1461.22120,1.1631431e-03,-2.6421890e-02,-6.9209561e-02
0.17861344152061065,1.0000632559599127,0.0016343190226766862,2601.8294934416995,-4.0292094e-04,989550,231.58671,1461.22322,6.6204712e+03,1.0446643e+01,1.0360685e+03,3.8935640e+00,7.0947944e+03,1.1594424e+01,0,nan,nan,nan,nan,231.58671,1.1254456e-03,1461.22322,1.1635048e-03,-2.5554541e-02,-6.9710843e-02
0.18000232921531278,0.9992383652491147,0.0016347360184672517,2601.830882329394,-4.0292152e-04,989551,231.58935,1461.22086,6.6130088e+03,1.0449389e+01,1.0351080e+03,3.9086609e+00,7.0889976e+03,1.1597472e+01,0,nan,nan,nan,nan,231.58935,1.1296052e-03,1461.22086,1.1625411e-03,-2.4308851e-02,-6.9423638e-02
0.18139121691001492,1.0005720392344366,0.0016340719950211616,2601.832271217089,-4.0292210e-04,989552,231.58714,1461.22515,6.6218545e+03,1.0445227e+01,1.0366779e+03,3.8986957e+00,7.0985146e+03,1.1592853e+01,0,nan,nan,nan,nan,231.58714,1.1264859e-03,1461.22515,1.1605596e-03,-2.8237239e-02,-6.8212666e-02
0.18278010460471705,1.0007314725450955,0.0016325924584168411,2601.8336601047836,-4.0292268e-04,989553,231.58440,1461.22047,6.6226279e+03,1.0435852e+01,1.0278030e+03,3.8837750e+00,7.0997017e+03,1.1582447e+01,0,nan,nan,nan,nan,231.58440,1.1259357e-03,1461.22047,1.1614568e-03,-2.9987199e-02,-7.0005104e-02
0.1841689922994192,0.9962272154784517,0.0016321575257760357,2601.8350489924783,-4.0292327e-04,989554,231.58826,1461.22260,6.5912778e+03,1.0433154e+01,1.0368680e+03,3.8951066e+00,7.0678022e+03,1.1579453e+01,0,nan,nan,nan,nan,231.58826,1.1311818e-03,1461.22260,1.1655631e-03,-2.4583057e-02,-6.8557926e-02
0.18555787999412132,1.0004830888635803,0.0016337420230562308,2601.836437880173,-4.0292385e-04,989555,231.58864,1461.21917,6.6186172e+03,1.0443366e+01,1.0322068e+03,3.8920302e+00,7.0980522e+03,1.1590787e+01,0,nan,nan,nan,nan,231.58864,1.1289080e-03,1461.21917,1.1630849e-03,-2.4838382e-02,-7.3954880e-02
0.18694676768882346,1.0016496108448745,0.0016335017692268418,2601.8378267678677,-4.0292443e-04,989556,231.58473,1461.22499,6.6272021e+03,1.0441913e+01,1.0343772e+03,3.8878562e+00,7.1063853e+03,1.1589175e+01,0,nan,nan,nan,nan,231.58473,1.1238736e-03,1461.22499,1.1616488e-03,-2.9771771e-02,-6.4739235e-02
0.18833565538398034,1.0014792195687905,0.0016331087697992997,2601.839215655563,-4.0292501e-04,989557,231.58677,1461.21835,6.6265117e+03,1.0439487e+01,1.0308541e+03,3.8906076e+00,7.1052339e+03,1.1586481e+01,0,nan,nan,nan,nan,231.58677,1.1249579e-03,1461.21835,1.1597734e-03,-2.5986990e-02,-7.3999457e-02
0.18972454307913722,0.9968109280635539,0.001630822324148611,2601.840604543258,-4.0292559e-04,989558,231.58818,1461.22143,6.5993174e+03,1.0424954e+01,1.0324218e+03,3.8859148e+00,7.0721714e+03,1.1570354e+01,0,nan,nan,nan,nan,231.58818,1.1278830e-03,1461.22143,1.1619475e-03,-2.5925530e-02,-7.0133284e-02
0.19111343080294318,0.9988866066881003,0.0016327412455119825,2601.841993430982,-4.0292615e-04,989559,231.58739,1461.22104,6.6112329e+03,1.0437307e+01,1.0347064e+03,3.8877132e+00,7.0869556e+03,1.1584063e+01,0,nan,nan,nan,nan,231.58739,1.1271585e-03,1461.22104,1.1626014e-03,-2.5869960e-02,-7.0303448e-02
0.19250231849764532,1.0013009208828327,0.001635536738893107,2601.8433823186765,-4.0292673e-04,989560,231.58756,1461.22371,6.6270581e+03,1.0455264e+01,1.0309036e+03,3.8975663e+00,7.1041436e+03,1.1603992e+01,0,nan,nan,nan,nan,231.58756,1.1263156e-03,1461.22371,1.1631813e-03,-2.5202924e-02,-6.6608720e-02
0.19389120619234745,1.0030984435600427,0.0016347926274742797,2601.844771206371,-4.0292731e-04,989561,231.58418,1461.22475,6.6381260e+03,1.0450593e+01,1.0331412e+03,3.8944857e+00,7.1169561e+03,1.1598808e+01,0,nan,nan,nan,nan,231.58418,1.1237414e-03,1461.22475,1.1613367e-03,-2.7040210e-02,-6.8338908e-02
0.1952800938870496,0.9998958651187582,0.001632571509190636,2601.846160094066,-4.0292789e-04,989562,231.58551,1461.22126,6.6168618e+03,1.0436481e+01,1.0329602e+03,3.8871598e+00,7.0942930e+03,1.1583146e+01,0,nan,nan,nan,nan,231.58551,1.1270433e-03,1461.22126,1.1618359e-03,-2.9246150e-02,-7.0122987e-02
0.19666898158175172,0.9987688253986208,0.0016310681771538442,2601.8475489817606,-4.0292848e-04,989563,231.59095,1461.22293,6.6100693e+03,1.0426959e+01,1.0263091e+03,3.8805528e+00,7.0863560e+03,1.1572577e+01,0,nan,nan,nan,nan,231.59095,1.1266655e-03,1461.22293,1.1631455e-03,-2.5022162e-02,-6.9938459e-02
0.1980578693046482,0.9977117975167794,0.0016304113798264086,2601.8489378694835,-4.0292903e-04,989564,231.58640,1461.22424,6.6047974e+03,1.0422848e+01,1.0290559e+03,3.8800769e+00,7.0789160e+03,1.1568015e+01,0,nan,nan,nan,nan,231.58640,1.1265253e-03,1461.22424,1.1611922e-03,-2.7545257e-02,-6.8994008e-02
0.19944675699980507,1.000619232830533,0.0016322463773496853,2601.8503267571787,-4.0292961e-04,989565,231.59166,1461.22588,6.6235137e+03,1.0434667e+01,1.0300071e+03,3.8845267e+00,7.0996050e+03,1.1581133e+01,0,nan,nan,nan,nan,231.59166,1.1254981e-03,1461.22588,1.1611638e-03,-2.0229042e-02,-6.3463837e-02
0.20083564469496196,0.9986232511477381,0.00163244111795764,2601.851715644874,-4.0293019e-04,989566,231.58585,1461.22233,6.6084565e+03,1.0436002e+01,1.0359485e+03,3.8927474e+00,7.0855039e+03,1.1582614e+01,0,nan,nan,nan,nan,231.58585,1.1267852e-03,1461.22233,1.1643405e-03,-2.8254744e-02,-7.0282787e-02
0.20222453241785843,0.9986711568215354,0.0016311801069105376,2601.8531045325967,-4.0293075e-04,989567,231.58847,1461.22534,6.6092725e+03,1.0428030e+01,1.0278694e+03,3.8849657e+00,7.0859048e+03,1.1573767e+01,0,nan,nan,nan,nan,231.58847,1.1276971e-03,1461.22534,1.1633093e-03,-2.5611570e-02,-6.8390027e-02
0.2036134201130153,1.00027331384206,0.001632809474464395,2601.854493420292,-4.0293133e-04,989568,231.58725,1461.22030,6.6197588e+03,1.0438537e+01,1.0318445e+03,3.8894422e+00,7.0973340e+03,1.1585427e+01,0,nan,nan,nan,nan,231.58725,1.1267702e-03,1461.22030,1.1610027e-03,-2.6368411e-02,-7.0396803e-02
0.20500230783727602,0.9977300182733765,0.0016330060462095926,2601.855882308016,-4.0293188e-04,989569,231.58556,1461.21816,6.6061479e+03,1.0439885e+01,1.0382960e+03,3.9028578e+00,7.0793501e+03,1.1586924e+01,0,nan,nan,nan,nan,231.58556,1.1292668e-03,1461.21816,1.1627820e-03,-2.8071992e-02,-7.2223105e-02
0.20639119553197816,1.0019711961719568,0.0016343297876254906,2601.857271195711,-4.0293246e-04,989570,231.58773,1461.22373,6.6305029e+03,1.0448439e+01,1.0285298e+03,3.8869321e+00,7.1095054e+03,1.1596417e+01,0,nan,nan,nan,nan,231.58773,1.1245655e-03,1461.22373,1.1624820e-03,-2.5853414e-02,-6.5651327e-02
0.20778008325669362,0.9994883805594453,0.0016339500792027669,2601.8586600834356,-4.0293302e-04,989571,231.58652,1461.22132,6.6154219e+03,1.0446104e+01,1.0337643e+03,3.8923562e+00,7.0919512e+03,1.1593825e+01,0,nan,nan,nan,nan,231.58652,1.1262567e-03,1461.22132,1.1663437e-03,-2.8629381e-02,-7.2451159e-02
0.20916897095139575,0.9995000403740923,0.0016326199344451882,2601.8600489711303,-4.0293360e-04,989572,231.59344,1461.22950,6.6171426e+03,1.0437691e+01,1.0308197e+03,3.8958874e+00,7.0920967e+03,1.1584490e+01,0,nan,nan,nan,nan,231.59344,1.1255895e-03,1461.22950,1.1624194e-03,-2.0651074e-02,-6.1493687e-02
0.21055785867520171,0.9983449564905224,0.0016321373049815306,2601.861437858854,-4.0293415e-04,989573,231.58752,1461.21868,6.6101719e+03,1.0434700e+01,1.0364980e+03,3.8912227e+00,7.0839639e+03,1.1581169e+01,0,nan,nan,nan,nan,231.58752,1.1276070e-03,1461.21868,1.1632101e-03,-3.0288182e-02,-7.2621621e-02
0.21194674636990385,0.9997677424023161,0.0016342622090795254,2601.8628267465488,-4.0293473e-04,989574,231.58764,1461.22135,6.6209502e+03,1.0448379e+01,1.0307943e+03,3.8945467e+00,7.0941230e+03,1.1596351e+01,0,nan,nan,nan,nan,231.58764,1.1275276e-03,1461.22135,1.1637659e-03,-2.7358150e-02,-7.1606673e-02
0.21333563409370981,1.0022330320784418,0.0016348378644434364,2601.8642156342726,-4.0293529e-04,989575,231.58542,1461.22178,6.6339805e+03,1.0452154e+01,1.0357965e+03,3.8925672e+00,7.1116807e+03,1.1600540e+01,0,nan,nan,nan,nan,231.58542,1.1247022e-03,1461.22178,1.1627957e-03,-2.8813532e-02,-6.9734186e-02
0.21472452178841195,1.0015764140098582,0.001634262805532701,2601.8656045219673,-4.0293587e-04,989576,231.59119,1461.22295,6.6281855e+03,1.0448571e+01,1.0381769e+03,3.8960366e+00,7.1070859e+03,1.1596564e+01,0,nan,nan,nan,nan,231.59119,1.1258889e-03,1461.22295,1.1614377e-03,-2.3363877e-02,-6.8152115e-02
0.2161134095122179,0.9999426362766323,0.001633616829054996,2601.866993409691,-4.0293642e-04,989577,231.58972,1461.22163,6.6219927e+03,1.0444536e+01,1.0335963e+03,3.8924358e+00,7.0955571e+03,1.1592087e+01,0,nan,nan,nan,nan,231.58972,1.1252513e-03,1461.22163,1.1621206e-03,-2.3841131e-02,-6.6609040e-02
0.21750229723602388,1.0002882314934602,0.0016338643414142108,2601.868382297415,-4.0293697e-04,989578,231.58480,1461.22357,6.6213799e+03,1.0446216e+01,1.0320636e+03,3.8933470e+00,7.0980747e+03,1.1593949e+01,0,nan,nan,nan,nan,231.58480,1.1274159e-03,1461.22357,1.1616549e-03,-2.9015748e-02,-6.9162108e-02
0.21889118492981652,1.000268913541419,0.0016321479017313632,2601.8697711851087,-4.0293756e-04,989579,231.58435,1461.21779,6.6208467e+03,1.0435338e+01,1.0305977e+03,3.8848023e+00,7.0980034e+03,1.1581877e+01,0,nan,nan,nan,nan,231.58435,1.1257395e-03,1461.21779,1.1626135e-03,-3.0871587e-02,-7.6645218e-02
0.22028007265407723,1.0002481715159062,0.0016319037959999108,2601.871160072833,-4.0293811e-04,989580,231.58658,1461.22099,6.6189761e+03,1.0433873e+01,1.0310344e+03,3.8858488e+00,7.0979219e+03,1.1580252e+01,0,nan,nan,nan,nan,231.58658,1.1264534e-03,1461.22099,1.1587284e-03,-2.6972938e-02,-7.0366308e-02
0.22166896037833794,1.0002636475243185,0.0016316425985013448,2601.872548960557,-4.0293866e-04,989581,231.58252,1461.22202,6.6213418e+03,1.0432302e+01,1.0282484e+03,3.8818903e+00,7.0980981e+03,1.1578506e+01,0,nan,nan,nan,nan,231.58252,1.1270682e-03,1461.22202,1.1612744e-03,-3.1086704e-02,-7.1598507e-02
0.2230578481012344,1.002569965683689,0.0016325572744099919,2601.87393784828,-4.0293921e-04,989582,231.58749,1461.21933,6.6346211e+03,1.0438247e+01,1.0275745e+03,3.8808267e+00,7.1145312e+03,1.1585106e+01,0,nan,nan,nan,nan,231.58749,1.1246070e-03,1461.21933,1.1596602e-03,-2.5659934e-02,-7.2891049e-02
0.22444673579593655,0.9972921408372614,0.0016326525441637796,2601.875326735975,-4.0293980e-04,989583,231.59453,1461.22718,6.6028496e+03,1.0438955e+01,1.0365532e+03,3.8946867e+00,7.0771450e+03,1.1585892e+01,0,nan,nan,nan,nan,231.59453,1.1269047e-03,1461.22718,1.1660043e-03,-1.8434357e-02,-6.0097631e-02
0.225835623520652,0.9990325307876208,0.0016304939644403505,2601.8767156236995,-4.0294035e-04,989584,231.57933,1461.21495,6.6122173e+03,1.0425252e+01,1.0257653e+03,3.8780479e+00,7.0895625e+03,1.1570683e+01,0,nan,nan,nan,nan,231.57933,1.1259625e-03,1461.21495,1.1627142e-03,-3.3554748e-02,-7.8563683e-02
0.22722451124536747,1.0008576609578819,0.0016318103234072632,2601.878104511424,-4.0294090e-04,989585,231.58638,1461.22117,6.6254917e+03,1.0433768e+01,1.0241774e+03,3.8807492e+00,7.1025820e+03,1.1580135e+01,0,nan,nan,nan,nan,231.58638,1.1251832e-03,1461.22117,1.1615695e-03,-2.6998844e-02,-7.0032917e-02
0.22861339896826394,0.9993915357769804,0.001632032101280359,2601.879493399147,-4.0294146e-04,989586,231.58735,1461.22523,6.6167437e+03,1.0435287e+01,1.0309559e+03,3.8852870e+00,7.0922461e+03,1.1581820e+01,0,nan,nan,nan,nan,231.58735,1.1260184e-03,1461.22523,1.1628703e-03,-2.6941162e-02,-6.8136968e-02
0.23000228669252465,0.999330351474888,0.0016329714680859383,2601.8808822868714,-4.0294201e-04,989587,231.58798,1461.22353,6.6177319e+03,1.0441394e+01,1.0357380e+03,3.8924940e+00,7.0918804e+03,1.1588598e+01,0,nan,nan,nan,nan,231.58798,1.1269334e-03,1461.22353,1.1615392e-03,-2.5410024e-02,-6.9828190e-02
0.23139117441678536,1.0019361554526225,0.0016334911962228107,2601.8822711745956,-4.0294256e-04,989588,231.58703,1461.22158,6.6316904e+03,1.0444819e+01,1.0327114e+03,3.8897955e+00,7.1104419e+03,1.1592400e+01,0,nan,nan,nan,nan,231.58703,1.1249312e-03,1461.22158,1.1603509e-03,-2.7581062e-02,-7.0451081e-02
0.23278006213968183,0.9970629330106671,0.0016305147765952749,2601.8836600623185,-4.0294311e-04,989589,231.58678,1461.21840,6.6013555e+03,1.0425888e+01,1.0305859e+03,3.8857880e+00,7.0759268e+03,1.1571389e+01,0,nan,nan,nan,nan,231.58678,1.1275455e-03,1461.21840,1.1636154e-03,-2.7324816e-02,-7.2324187e-02
0.23416894986394254,1.001215314257014,0.0016332791248400604,2601.885048950043,-4.0294367e-04,989590,231.58543,1461.22217,6.6298472e+03,1.0443666e+01,1.0268934e+03,3.8856330e+00,7.1054648e+03,1.1591121e+01,0,nan,nan,nan,nan,231.58543,1.1261903e-03,1461.22217,1.1617166e-03,-2.7979461e-02,-6.8914764e-02
0.2355578375877485,0.9989436159957003,0.0016322399018196376,2601.8864378377666,-4.0294422e-04,989591,231.58585,1461.22293,6.6133301e+03,1.0437124e+01,1.0353787e+03,3.8903153e+00,7.0894131e+03,1.1583860e+01,0,nan,nan,nan,nan,231.58585,1.1260199e-03,1461.22293,1.1626699e-03,-2.8746041e-02,-6.8803988e-02
0.23694672531109973,0.9973589393184428,0.001632242594900093,2601.88782672549,-4.0294477e-04,989592,231.58913,1461.22425,6.6051748e+03,1.0437244e+01,1.0354816e+03,3.8913128e+00,7.0782368e+03,1.1583994e+01,0,nan,nan,nan,nan,231.58913,1.1291070e-03,1461.22425,1.1638205e-03,-2.2676989e-02,-6.7615338e-02
0.2383356130349057,0.9978432413976452,0.0016324806477737903,2601.8892156132138,-4.0294533e-04,989593,231.58313,1461.22038,6.6053701e+03,1.0438871e+01,1.0346118e+03,3.8970969e+00,7.0817446e+03,1.1585799e+01,0,nan,nan,nan,nan,231.58313,1.1302235e-03,1461.22038,1.1643366e-03,-3.1630810e-02,-7.2513849e-02
0.23972450075871182,1.0003015617798714,0.0016340560101211524,2601.8906045009376,-4.0294588e-04,989594,231.58726,1461.22244,6.6213174e+03,1.0449050e+01,1.0344014e+03,3.9000549e+00,7.0992627e+03,1.1597095e+01,0,nan,nan,nan,nan,231.58726,1.1290042e-03,1461.22244,1.1611539e-03,-2.4902200e-02,-7.1106814e-02
0.2411133884825178,1.0005429588699992,0.0016323177295190765,2601.8919933886614,-4.0294643e-04,989595,231.58754,1461.22516,6.6254800e+03,1.0438039e+01,1.0281873e+03,3.8820455e+00,7.1010474e+03,1.1584875e+01,0,nan,nan,nan,nan,231.58754,1.1248655e-03,1461.22516,1.1612391e-03,-2.6130041e-02,-6.8374887e-02
0.24250227620632375,1.0021889594089022,0.0016338208963676381,2601.893382276385,-4.0294699e-04,989596,231.58663,1461.22339,6.6343804e+03,1.0447757e+01,1.0327064e+03,3.8922105e+00,7.1128013e+03,1.1595661e+01,0,nan,nan,nan,nan,231.58663,1.1252288e-03,1461.22339,1.1603779e-03,-2.5684262e-02,-7.2534643e-02
0.2438911639310392,1.0026833622658242,0.0016329688904991263,2601.89477116411,-4.0294754e-04,989597,231.58495,1461.22416,6.6362402e+03,1.0442416e+01,1.0289572e+03,3.8807647e+00,7.1163828e+03,1.1589732e+01,0,nan,nan,nan,nan,231.58495,1.1232249e-03,1461.22416,1.1579938e-03,-2.9509431e-02,-6.8331905e-02
0.24528005165484518,0.9996246097760781,0.001632904662090401,2601.8961600518337,-4.0294809e-04,989598,231.58873,1461.22264,6.6187007e+03,1.0442111e+01,1.0348805e+03,3.8925660e+00,7.0947461e+03,1.1589395e+01,0,nan,nan,nan,nan,231.58873,1.1263705e-03,1461.22264,1.1623381e-03,-2.3246696e-02,-6.8095095e-02
0.2466689393791059,1.000660969159231,0.0016327499515079301,2601.897548939558,-4.0294864e-04,989599,231.58422,1461.22060,6.6254507e+03,1.0441229e+01,1.0335405e+03,3.8893857e+00,7.1021748e+03,1.1588416e+01,0,nan,nan,nan,nan,231.58422,1.1244193e-03,1461.22060,1.1623369e-03,-2.7769445e-02,-7.1308255e-02
0.24805782713247043,1.0005715444643122,0.0016325372625825816,2601.8989378273113,-4.0294917e-04,989600,231.58806,1461.22195,6.6242617e+03,1.0439977e+01,1.0328251e+03,3.8891211e+00,7.1016133e+03,1.1587026e+01,0,nan,nan,nan,nan,231.58806,1.1253890e-03,1461.22195,1.1615349e-03,-2.4737237e-02,-7.0220962e-02
0.2494467148553669,0.9998827185170719,0.00163223794063225,2601.900326715034,-4.0294972e-04,989601,231.58869,1461.22283,6.6194385e+03,1.0438171e+01,1.0323114e+03,3.8829987e+00,7.0967979e+03,1.1585022e+01,0,nan,nan,nan,nan,231.58869,1.1273142e-03,1461.22283,1.1614275e-03,-2.7892515e-02,-6.8385281e-02
0.2508356025796276,1.0010656057911824,0.0016337819727684118,2601.9017156027585,-4.0295027e-04,989602,231.59255,1461.22409,6.6305693e+03,1.0448154e+01,1.0372998e+03,3.8941538e+00,7.1052681e+03,1.1596102e+01,0,nan,nan,nan,nan,231.59255,1.1240283e-03,1461.22409,1.1599292e-03,-2.0364663e-02,-6.7974538e-02
0.2522244903038883,1.0005834616869027,0.001632464139829436,2601.9031044904827,-4.0295083e-04,989603,231.58151,1461.21939,6.6225298e+03,1.0439836e+01,1.0297557e+03,3.8886771e+00,7.1019204e+03,1.1586869e+01,0,nan,nan,nan,nan,231.58151,1.1273545e-03,1461.21939,1.1620949e-03,-3.2338280e-02,-6.9679990e-02
0.2536133780558886,0.9992738764899619,0.0016317075962851812,2601.9044933782347,-4.0295135e-04,989604,231.59116,1461.22545,6.6181729e+03,1.0435109e+01,1.0332614e+03,3.8870461e+00,7.0926997e+03,1.1581622e+01,0,nan,nan,nan,nan,231.59116,1.1269221e-03,1461.22545,1.1627213e-03,-2.2680059e-02,-6.5388270e-02
0.25500226578014934,1.0010166580311237,0.0016324104237944981,2601.905882265959,-4.0295190e-04,989605,231.58311,1461.21603,6.6251123e+03,1.0439713e+01,1.0325798e+03,3.8885875e+00,7.1051450e+03,1.1586733e+01,0,nan,nan,nan,nan,231.58311,1.1276642e-03,1461.21603,1.1612660e-03,-3.1384900e-02,-7.6499693e-02
0.2563911535039553,1.0027462890854637,0.0016353399708325677,2601.907271153683,-4.0295246e-04,989606,231.58620,1461.22255,6.6385010e+03,1.0458561e+01,1.0304460e+03,3.8938420e+00,7.1174980e+03,1.1607651e+01,0,nan,nan,nan,nan,231.58620,1.1244646e-03,1461.22255,1.1634756e-03,-2.7058918e-02,-6.8475045e-02
0.25778004125641035,1.001065193157786,0.001633546586566096,2601.9086600414353,-4.0295298e-04,989607,231.58553,1461.22228,6.6280303e+03,1.0447203e+01,1.0360836e+03,3.8906689e+00,7.1056416e+03,1.1595045e+01,0,nan,nan,nan,nan,231.58553,1.1261044e-03,1461.22228,1.1625563e-03,-2.7405528e-02,-6.9151133e-02
0.2591689289793068,1.0004559618912823,0.0016320760413055893,2601.910048929158,-4.0295353e-04,989608,231.58822,1461.22346,6.6239526e+03,1.0437909e+01,1.0282969e+03,3.8884530e+00,7.1013931e+03,1.1584731e+01,0,nan,nan,nan,nan,231.58822,1.1257994e-03,1461.22346,1.1602244e-03,-2.5067866e-02,-6.7646220e-02
0.26055781673267137,0.999151255501693,0.0016318478179585998,2601.9114378169115,-4.0295406e-04,989609,231.58692,1461.22556,6.6168726e+03,1.0436563e+01,1.0334274e+03,3.8852987e+00,7.0922090e+03,1.1583237e+01,0,nan,nan,nan,nan,231.58692,1.1274324e-03,1461.22556,1.1623395e-03,-2.6165290e-02,-6.6066831e-02
0.2619467044573868,0.9985946129919717,0.0016326944963709308,2601.9128267046362,-4.0295461e-04,989610,231.59088,1461.22349,6.6143228e+03,1.0442092e+01,1.0362754e+03,3.8945885e+00,7.0883345e+03,1.1589373e+01,0,nan,nan,nan,nan,231.59088,1.1272654e-03,1461.22349,1.1638500e-03,-2.1609779e-02,-6.9056027e-02
0.26333559221075137,0.9996976726618945,0.0016321342561395067,2601.9142155923896,-4.0295513e-04,989611,231.58616,1461.22417,6.6205156e+03,1.0438622e+01,1.0330504e+03,3.8901243e+00,7.0962417e+03,1.1585522e+01,0,nan,nan,nan,nan,231.58616,1.1249175e-03,1461.22417,1.1627205e-03,-2.6210830e-02,-6.8455309e-02
0.26472447993455733,0.9996956044008202,0.001631258641712097,2601.9156044801134,-4.0295569e-04,989612,231.58422,1461.22378,6.6176211e+03,1.0433137e+01,1.0350342e+03,3.8842936e+00,7.0963047e+03,1.1579433e+01,0,nan,nan,nan,nan,231.58422,1.1265056e-03,1461.22378,1.1635324e-03,-2.8256459e-02,-6.8231031e-02
0.26611336768746713,1.0018647996921568,0.0016359612936782994,2601.9169933678663,-4.0295621e-04,989613,231.58862,1461.22661,6.6336133e+03,1.0463328e+01,1.0371562e+03,3.8991504e+00,7.1117812e+03,1.1612943e+01,0,nan,nan,nan,nan,231.58862,1.1237742e-03,1461.22661,1.1640645e-03,-2.4871174e-02,-6.5721549e-02
0.2675022554112731,1.0009321259197068,0.0016325246965368711,2601.91838225559,-4.0295676e-04,989614,231.58680,1461.22039,6.6282363e+03,1.0441464e+01,1.0333513e+03,3.8854671e+00,7.1052388e+03,1.1588676e+01,0,nan,nan,nan,nan,231.58680,1.1251670e-03,1461.22039,1.1597296e-03,-2.6621183e-02,-7.1478099e-02
0.2688911431641829,1.0006854480070433,0.0016334786307492285,2601.919771143343,-4.0295729e-04,989615,231.58510,1461.22167,6.6265908e+03,1.0447681e+01,1.0379677e+03,3.8920081e+00,7.1035669e+03,1.1595576e+01,0,nan,nan,nan,nan,231.58510,1.1271792e-03,1461.22167,1.1603085e-03,-2.7616594e-02,-7.0246667e-02
0.2702800309170927,0.9994711751731423,0.0016327279048607432,2601.921160031096,-4.0295781e-04,989616,231.58713,1461.22065,6.6202749e+03,1.0442996e+01,1.0335558e+03,3.9060826e+00,7.0950264e+03,1.1590377e+01,0,nan,nan,nan,nan,231.58713,1.1266472e-03,1461.22065,1.1614403e-03,-2.6790598e-02,-7.0833318e-02
0.27166891864089865,0.9970433559878826,0.0016323070690362257,2601.9225489188198,-4.0295837e-04,989617,231.58797,1461.22613,6.6057305e+03,1.0440421e+01,1.0401119e+03,3.8990178e+00,7.0778711e+03,1.1587520e+01,0,nan,nan,nan,nan,231.58797,1.1270522e-03,1461.22613,1.1654609e-03,-2.4844334e-02,-6.3898690e-02
0.27305780639380844,1.0003989910083038,0.001632340151084809,2601.9239378065727,-4.0295889e-04,989618,231.58747,1461.22199,6.6248755e+03,1.0440751e+01,1.0323193e+03,3.8877432e+00,7.1017725e+03,1.1587885e+01,0,nan,nan,nan,nan,231.58747,1.1261902e-03,1461.22199,1.1621608e-03,-2.6647510e-02,-7.1759559e-02
0.27444669414671824,0.9984070152461466,0.001631997074764897,2601.9253266943256,-4.0295941e-04,989619,231.58621,1461.22341,6.6142041e+03,1.0438675e+01,1.0362646e+03,3.8913007e+00,7.0877119e+03,1.1585581e+01,0,nan,nan,nan,nan,231.58621,1.1258348e-03,1461.22341,1.1622035e-03,-2.6855361e-02,-6.8234526e-02
0.2758355818696147,1.0039130270537895,0.001634483223461489,2601.9267155820485,-4.0295997e-04,989620,231.58572,1461.21677,6.6474224e+03,1.0454696e+01,1.0314915e+03,3.8883891e+00,7.1268804e+03,1.1603362e+01,0,nan,nan,nan,nan,231.58572,1.1223736e-03,1461.21677,1.1593930e-03,-2.9882923e-02,-7.6149233e-02
0.27722446962297925,0.9975664271132207,0.0016317264673541133,2601.928104469802,-4.0296049e-04,989621,231.58642,1461.22012,6.6068232e+03,1.0437181e+01,1.0354521e+03,3.8996823e+00,7.0819058e+03,1.1583923e+01,0,nan,nan,nan,nan,231.58642,1.1265690e-03,1461.22012,1.1634780e-03,-2.6898351e-02,-6.9242053e-02
0.2786133573763438,0.9998702544734012,0.001632912313959196,2601.929493357555,-4.0296101e-04,989622,231.58520,1461.21977,6.6228877e+03,1.0444886e+01,1.0327583e+03,3.8967197e+00,7.0983428e+03,1.1592475e+01,0,nan,nan,nan,nan,231.58520,1.1254875e-03,1461.21977,1.1626681e-03,-2.9650873e-02,-7.3214009e-02
0.2800022451283441,0.9996062577457896,0.0016319299959758882,2601.930882245307,-4.0296154e-04,989623,231.59046,1461.22550,6.6213447e+03,1.0438724e+01,1.0313156e+03,3.8897357e+00,7.0965503e+03,1.1585635e+01,0,nan,nan,nan,nan,231.59046,1.1272047e-03,1461.22550,1.1601810e-03,-2.3091113e-02,-6.5158032e-02
0.2813911328821634,0.9997191812829311,0.0016333824528250327,2601.932271133061,-4.0296206e-04,989624,231.58327,1461.21489,6.6216387e+03,1.0448136e+01,1.0337432e+03,3.9055142e+00,7.0974341e+03,1.1596081e+01,0,nan,nan,nan,nan,231.58327,1.1267535e-03,1461.21489,1.1608712e-03,-2.9127128e-02,-7.6939367e-02
0.28278002060687885,0.9985707593386681,0.0016311494441130512,2601.9336600207857,-4.0296261e-04,989625,231.58823,1461.22886,6.6125591e+03,1.0433973e+01,1.0295400e+03,3.8867922e+00,7.0893638e+03,1.1580362e+01,0,nan,nan,nan,nan,231.58823,1.1248238e-03,1461.22886,1.1637805e-03,-2.2521770e-02,-5.9333757e-02
0.28416890835978864,0.9992887353884294,0.0016329092701689151,2601.9350489085386,-4.0296314e-04,989626,231.58350,1461.21841,6.6165239e+03,1.0445352e+01,1.0354385e+03,3.8912225e+00,7.0945439e+03,1.1592992e+01,0,nan,nan,nan,nan,231.58350,1.1280653e-03,1461.21841,1.1652024e-03,-2.8410746e-02,-7.3378757e-02
0.28555779611269844,0.999852450447239,0.001632203007126049,2601.9364377962916,-4.0296366e-04,989627,231.59131,1461.22450,6.6222261e+03,1.0440957e+01,1.0263232e+03,3.8883157e+00,7.0986294e+03,1.1588114e+01,0,nan,nan,nan,nan,231.59131,1.1244988e-03,1461.22450,1.1622513e-03,-2.1663301e-02,-6.8178847e-02
0.28694668386560823,0.9971631426628421,0.0016301405575291689,2601.9378266840445,-4.0296419e-04,989628,231.58227,1461.22152,6.6044341e+03,1.0427887e+01,1.0331569e+03,3.8821144e+00,7.0796196e+03,1.1573607e+01,0,nan,nan,nan,nan,231.58227,1.1278030e-03,1461.22152,1.1633778e-03,-3.0424496e-02,-7.1767569e-02
0.288335571618518,0.9998025823304335,0.0016320348140183307,2601.9392155717974,-4.0296471e-04,989629,231.58877,1461.22289,6.6189873e+03,1.0440127e+01,1.0315701e+03,3.8888800e+00,7.0984429e+03,1.1587193e+01,0,nan,nan,nan,nan,231.58877,1.1252353e-03,1461.22289,1.1628885e-03,-2.4966989e-02,-6.7333482e-02
0.2897244593714278,0.999186224684908,0.0016313597722599172,2601.9406044595503,-4.0296523e-04,989630,231.59165,1461.22610,6.6188726e+03,1.0435933e+01,1.0319777e+03,3.8882439e+00,7.0941514e+03,1.1582539e+01,0,nan,nan,nan,nan,231.59165,1.1259310e-03,1461.22610,1.1614703e-03,-2.3330009e-02,-6.5839484e-02
0.2911133471243376,1.0022970892549758,0.0016341515175255486,2601.941993347303,-4.0296576e-04,989631,231.58077,1461.21901,6.6354902e+03,1.0453919e+01,1.0343950e+03,3.8933969e+00,7.1163232e+03,1.1602499e+01,0,nan,nan,nan,nan,231.58077,1.1256288e-03,1461.21901,1.1620397e-03,-3.1874917e-02,-7.3422290e-02
0.2925022348772474,1.0019396101572997,0.001633232101396446,2601.943382235056,-4.0296628e-04,989632,231.58441,1461.22097,6.6367354e+03,1.0448162e+01,1.0353014e+03,3.8919015e+00,7.1138706e+03,1.1596110e+01,0,nan,nan,nan,nan,231.58441,1.1257197e-03,1461.22097,1.1601900e-03,-2.7208623e-02,-7.1868852e-02
0.2938911226292477,0.9989986934056435,0.0016320664509005484,2601.944771122808,-4.0296681e-04,989633,231.59205,1461.22021,6.6185854e+03,1.0440831e+01,1.0348010e+03,3.8921881e+00,7.0930752e+03,1.1587974e+01,0,nan,nan,nan,nan,231.59205,1.1263901e-03,1461.22021,1.1624863e-03,-2.0963032e-02,-6.8864472e-02
0.2952800103821575,1.0016849111801307,0.0016339155449494498,2601.946160010561,-4.0296733e-04,989634,231.58457,1461.22404,6.6350552e+03,1.0452786e+01,1.0376978e+03,3.8968549e+00,7.1122339e+03,1.1601243e+01,0,nan,nan,nan,nan,231.58457,1.1248986e-03,1461.22404,1.1596606e-03,-2.9998701e-02,-6.7651249e-02
0.29666889816417114,0.999200056434746,0.0016308764902926672,2601.947548898343,-4.0296782e-04,989635,231.58928,1461.22627,6.6183481e+03,1.0433471e+01,1.0330194e+03,3.8844848e+00,7.0946772e+03,1.1579805e+01,0,nan,nan,nan,nan,231.58928,1.1269377e-03,1461.22627,1.1614080e-03,-2.4970073e-02,-6.5852955e-02
0.29805778591708093,0.9992219585315112,0.0016314877025831458,2601.948937786096,-4.0296835e-04,989636,231.59193,1461.22027,6.6189819e+03,1.0437509e+01,1.0336333e+03,3.8882987e+00,7.0949194e+03,1.1584287e+01,0,nan,nan,nan,nan,231.59193,1.1253518e-03,1461.22027,1.1598063e-03,-2.0484459e-02,-7.0804350e-02
0.2994466736709002,0.9991741138358902,0.0016322826769672972,2601.9503266738498,-4.0296887e-04,989637,231.58593,1461.22424,6.6203672e+03,1.0442723e+01,1.0374198e+03,3.8914032e+00,7.0946665e+03,1.1590074e+01,0,nan,nan,nan,nan,231.58593,1.1277847e-03,1461.22424,1.1606966e-03,-2.5779899e-02,-6.5255530e-02
0.3008355614247195,0.9974940039069181,0.0016317999571562095,2601.9517155616036,-4.0296940e-04,989638,231.58543,1461.21849,6.6085654e+03,1.0439763e+01,1.0312081e+03,3.9076729e+00,7.0828242e+03,1.1586788e+01,0,nan,nan,nan,nan,231.58543,1.1277706e-03,1461.21849,1.1632036e-03,-2.9350646e-02,-7.2692245e-02
0.3022244491767198,0.9994924900127207,0.0016326729846574848,2601.9531044493556,-4.0296992e-04,989639,231.58411,1461.21736,6.6217461e+03,1.0445477e+01,1.0358634e+03,3.8888216e+00,7.0971025e+03,1.1593131e+01,0,nan,nan,nan,nan,231.58411,1.1269288e-03,1461.21736,1.1628525e-03,-2.8176704e-02,-7.1197420e-02
0.3036133369591882,0.9988125546665864,0.0016300945667178984,2601.954493337138,-4.0297041e-04,989640,231.58329,1461.22221,6.6156636e+03,1.0429111e+01,1.0287076e+03,3.8813758e+00,7.0923623e+03,1.1574966e+01,0,nan,nan,nan,nan,231.58329,1.1264562e-03,1461.22221,1.1608187e-03,-2.9320300e-02,-7.0462421e-02
0.3050022247125527,1.0002542402433185,0.0016310096894911006,2601.9558822248914,-4.0297094e-04,989641,231.58175,1461.21936,6.6222256e+03,1.0435096e+01,1.0273955e+03,3.8841212e+00,7.1026885e+03,1.1581609e+01,0,nan,nan,nan,nan,231.58175,1.1265907e-03,1461.21936,1.1626013e-03,-3.2147709e-02,-7.2742097e-02
0.30639111246455303,1.0035159953037722,0.0016332467079397726,2601.9572711126434,-4.0297146e-04,989642,231.59198,1461.22310,6.6489414e+03,1.0449540e+01,1.0290637e+03,3.8834989e+00,7.1259385e+03,1.1597639e+01,0,nan,nan,nan,nan,231.59198,1.1234491e-03,1461.22310,1.1582070e-03,-2.2262670e-02,-6.6028409e-02
0.30778000021791757,0.9994660172928583,0.0016327894274284942,2601.958660000397,-4.0297199e-04,989643,231.58621,1461.21810,6.6190605e+03,1.0446745e+01,1.0374846e+03,3.8975861e+00,7.0972690e+03,1.1594538e+01,0,nan,nan,nan,nan,231.58621,1.1279081e-03,1461.21810,1.1634149e-03,-2.9982012e-02,-7.4454807e-02
0.30916888800038594,1.0012575921440283,0.001632900494750568,2601.9600488881792,-4.0297248e-04,989644,231.58890,1461.22365,6.6333809e+03,1.0447588e+01,1.0316196e+03,3.8871610e+00,7.1100811e+03,1.1595472e+01,0,nan,nan,nan,nan,231.58890,1.1246901e-03,1461.22365,1.1621929e-03,-2.5359267e-02,-6.7863129e-02
0.31055777575238624,1.00091667049361,0.001631953701236757,2601.9614377759312,-4.0297300e-04,989645,231.58308,1461.21782,6.6299365e+03,1.0441663e+01,1.0290718e+03,3.8875647e+00,7.1077505e+03,1.1588896e+01,0,nan,nan,nan,nan,231.58308,1.1251015e-03,1461.21782,1.1603003e-03,-2.8011074e-02,-7.3223166e-02
0.3119466635348546,0.999051432893749,0.001632429727477266,2601.9628266637137,-4.0297350e-04,989646,231.58675,1461.22531,6.6195430e+03,1.0444840e+01,1.0329282e+03,3.8900375e+00,7.0945952e+03,1.1592424e+01,0,nan,nan,nan,nan,231.58675,1.1275440e-03,1461.22531,1.1627343e-03,-2.7107839e-02,-6.6195220e-02
0.31333555128821916,1.0030934003393934,0.0016346078290983479,2601.964215551467,-4.0297402e-04,989647,231.58679,1461.22139,6.6445400e+03,1.0458911e+01,1.0339106e+03,3.9061964e+00,7.1233896e+03,1.1608040e+01,0,nan,nan,nan,nan,231.58679,1.1224904e-03,1461.22139,1.1581405e-03,-2.7272373e-02,-7.0902780e-02
0.31472443904021946,1.0032363460245937,0.0016339374223910462,2601.965604439219,-4.0297455e-04,989648,231.58334,1461.21849,6.6418535e+03,1.0454756e+01,1.0296951e+03,3.8901803e+00,7.1244956e+03,1.1603428e+01,0,nan,nan,nan,nan,231.58334,1.1279434e-03,1461.21849,1.1601124e-03,-2.9469581e-02,-7.3307559e-02
0.3161133268222331,0.9998622185728889,0.0016316732097264182,2601.966993327001,-4.0297504e-04,989649,231.59410,1461.22660,6.6257700e+03,1.0440402e+01,1.0318655e+03,3.8877847e+00,7.1006260e+03,1.1587498e+01,0,nan,nan,nan,nan,231.59410,1.1241295e-03,1461.22660,1.1601810e-03,-1.8276064e-02,-6.1764367e-02
0.3175022145760524,1.0029321814578138,0.0016328697660773178,2601.968382214755,-4.0297557e-04,989650,231.59210,1461.22357,6.6431147e+03,1.0448194e+01,1.0344050e+03,3.8851850e+00,7.1225200e+03,1.1596146e+01,0,nan,nan,nan,nan,231.59210,1.1229084e-03,1461.22357,1.1581682e-03,-2.0920182e-02,-6.4726375e-02
0.318891102358066,0.9977119838036589,0.0016316523188334617,2601.969771102537,-4.0297606e-04,989651,231.58766,1461.22264,6.6097197e+03,1.0440540e+01,1.0317717e+03,3.8927150e+00,7.0855396e+03,1.1587650e+01,0,nan,nan,nan,nan,231.58766,1.1291909e-03,1461.22264,1.1634255e-03,-2.5528021e-02,-6.8095200e-02
0.32027999011143055,0.9987076411271504,0.0016322425902405447,2601.9711599902903,-4.0297658e-04,989652,231.58488,1461.21996,6.6142427e+03,1.0444452e+01,1.0348032e+03,3.8921516e+00,7.0927031e+03,1.1591993e+01,0,nan,nan,nan,nan,231.58488,1.1282471e-03,1461.21996,1.1656516e-03,-3.0214198e-02,-7.5255439e-02
0.3216688778938989,0.9993590531612652,0.0016311810131963134,2601.9725488780728,-4.0297708e-04,989653,231.58743,1461.22186,6.6183120e+03,1.0437797e+01,1.0323617e+03,3.8892221e+00,7.0974224e+03,1.1584606e+01,0,nan,nan,nan,nan,231.58743,1.1258785e-03,1461.22186,1.1629532e-03,-2.5637329e-02,-6.9717966e-02
0.32305776567500305,1.0009412558478958,0.0016319933448824854,2601.973937765854,-4.0297757e-04,989654,231.58808,1461.22223,6.6309292e+03,1.0443132e+01,1.0328883e+03,3.8884866e+00,7.1087524e+03,1.1590528e+01,0,nan,nan,nan,nan,231.58808,1.1236039e-03,1461.22223,1.1597718e-03,-2.7783293e-02,-7.0735432e-02
0.32444665342791285,0.9995233370848355,0.0016314139380673896,2601.9753266536068,-4.0297810e-04,989655,231.58618,1461.21932,6.6230522e+03,1.0439562e+01,1.0355516e+03,3.8888662e+00,7.0987764e+03,1.1586565e+01,0,nan,nan,nan,nan,231.58618,1.1262945e-03,1461.21932,1.1600371e-03,-2.7314862e-02,-7.3176682e-02
0.32583554120992647,0.9973970102196567,0.001632839227234014,2601.976715541389,-4.0297859e-04,989656,231.58824,1461.22219,6.6119746e+03,1.0448820e+01,1.0379111e+03,3.8983009e+00,7.0837686e+03,1.1596842e+01,0,nan,nan,nan,nan,231.58824,1.1278540e-03,1461.22219,1.1649997e-03,-2.6126312e-02,-6.8805285e-02
0.3272244289919401,0.997072432473904,0.0016300558491882213,2601.978104429171,-4.0297909e-04,989657,231.58644,1461.22078,6.6064712e+03,1.0431149e+01,1.0359537e+03,3.8885627e+00,7.0815576e+03,1.1577228e+01,0,nan,nan,nan,nan,231.58644,1.1272880e-03,1461.22078,1.1624728e-03,-2.6030228e-02,-6.8916976e-02
0.3286133167448499,1.0000914459001948,0.0016313992273744515,2601.9794933169237,-4.0297961e-04,989658,231.58522,1461.22247,6.6253325e+03,1.0439884e+01,1.0288457e+03,3.8851619e+00,7.1030942e+03,1.1586924e+01,0,nan,nan,nan,nan,231.58522,1.1272680e-03,1461.22247,1.1601936e-03,-2.7148247e-02,-7.0478328e-02
0.3300022045268635,1.0014015485088157,0.001631404591463793,2601.9808822047057,-4.0298011e-04,989659,231.58479,1461.22711,6.6329912e+03,1.0440059e+01,1.0321392e+03,3.8837645e+00,7.1124946e+03,1.1587117e+01,0,nan,nan,nan,nan,231.58479,1.1248890e-03,1461.22711,1.1617555e-03,-2.8956523e-02,-6.4387351e-02
0.33139109230887714,0.9991738989400238,0.0016299487194235088,2601.9822710924877,-4.0298060e-04,989660,231.58340,1461.22225,6.6180054e+03,1.0430882e+01,1.0315702e+03,3.8787861e+00,7.0967686e+03,1.1576932e+01,0,nan,nan,nan,nan,231.58340,1.1256607e-03,1461.22225,1.1615531e-03,-2.8892966e-02,-7.0227280e-02
0.332779980090436,1.0008412355186362,0.0016301153877588152,2601.9836599802693,-4.0298110e-04,989661,231.58770,1461.21793,6.6318657e+03,1.0432091e+01,1.0220487e+03,3.8739555e+00,7.1087070e+03,1.1578273e+01,0,nan,nan,nan,nan,231.58770,1.1234871e-03,1461.21793,1.1585488e-03,-2.5517233e-02,-7.4643269e-02
0.3341688678433458,1.0000110306531245,0.0016313223910400972,2601.985048868022,-4.0298162e-04,989662,231.58933,1461.21932,6.6264531e+03,1.0439957e+01,1.0301427e+03,3.8883929e+00,7.1029062e+03,1.1587003e+01,0,nan,nan,nan,nan,231.58933,1.1244384e-03,1461.21932,1.1606712e-03,-2.6352873e-02,-7.1248211e-02
0.3355577556258142,0.9987924531010632,0.001631281435400799,2601.9864377558047,-4.0298211e-04,989663,231.58496,1461.22164,6.6180068e+03,1.0439837e+01,1.0353060e+03,3.8926356e+00,7.0943477e+03,1.1586869e+01,0,nan,nan,nan,nan,231.58496,1.1272971e-03,1461.22164,1.1596649e-03,-2.8420210e-02,-7.0932902e-02
0.3369466434078278,1.0005542109289296,0.0016318563921363192,2601.9878266435867,-4.0298261e-04,989664,231.58688,1461.22125,6.6309121e+03,1.0443658e+01,1.0356188e+03,3.8879058e+00,7.1069585e+03,1.1591112e+01,0,nan,nan,nan,nan,231.58688,1.1249665e-03,1461.22125,1.1584095e-03,-2.3624195e-02,-6.8670683e-02
0.33833553119075094,1.0003953038289652,0.0016307640524327678,2601.9892155313696,-4.0298310e-04,989665,231.58760,1461.22294,6.6262612e+03,1.0436810e+01,1.0242151e+03,3.8844180e+00,7.1059272e+03,1.1583512e+01,0,nan,nan,nan,nan,231.58760,1.1248025e-03,1461.22294,1.1608209e-03,-2.4097258e-02,-6.6105485e-02
0.33972441897276456,1.0012361298176864,0.001632584873321047,2601.9906044191516,-4.0298360e-04,989666,231.59029,1461.22314,6.6345552e+03,1.0448608e+01,1.0380577e+03,3.8925915e+00,7.1119980e+03,1.1596605e+01,0,nan,nan,nan,nan,231.59029,1.1236173e-03,1461.22314,1.1594980e-03,-2.1584243e-02,-6.6139497e-02
0.3411133067547782,0.999862207542713,0.001631695844375935,2601.9919933069336,-4.0298409e-04,989667,231.59046,1461.22207,6.6239595e+03,1.0443062e+01,1.0325930e+03,3.8939121e+00,7.1023364e+03,1.1590450e+01,0,nan,nan,nan,nan,231.59046,1.1249190e-03,1461.22207,1.1615617e-03,-2.2764532e-02,-6.8061747e-02
0.3425021945367918,0.9990719372449639,0.001631097742338914,2601.9933821947157,-4.0298459e-04,989668,231.58505,1461.22331,6.6228511e+03,1.0439381e+01,1.0303064e+03,3.8851812e+00,7.0968218e+03,1.1586363e+01,0,nan,nan,nan,nan,231.58505,1.1259232e-03,1461.22331,1.1629838e-03,-2.7303671e-02,-6.7884415e-02
0.34389108231880544,0.998624477690957,0.0016301040667919345,2601.9947710824977,-4.0298508e-04,989669,231.58542,1461.22112,6.6181523e+03,1.0433166e+01,1.0324536e+03,3.8873644e+00,7.0937422e+03,1.1579466e+01,0,nan,nan,nan,nan,231.58542,1.1246878e-03,1461.22112,1.1603344e-03,-2.8224315e-02,-7.0058055e-02
0.34527997010081907,0.9986866739005638,0.0016311644161174784,2601.9961599702797,-4.0298558e-04,989670,231.58548,1461.22220,6.6187764e+03,1.0440098e+01,1.0303740e+03,3.8878155e+00,7.0942832e+03,1.1587160e+01,0,nan,nan,nan,nan,231.58548,1.1265629e-03,1461.22220,1.1626818e-03,-2.5191471e-02,-6.9193169e-02
0.3466688578828327,1.0001603662141718,0.0016308765032097775,2601.9975488580617,-4.0298607e-04,989671,231.58518,1461.22091,6.6256270e+03,1.0438401e+01,1.0329994e+03,3.8854597e+00,7.1048511e+03,1.1585278e+01,0,nan,nan,nan,nan,231.58518,1.1250293e-03,1461.22091,1.1601578e-03,-2.8115755e-02,-7.4677154e-02
0.3480577456648463,1.002692239982848,0.0016326582501848957,2601.9989377458437,-4.0298657e-04,989672,231.58508,1461.21880,6.6441992e+03,1.0449952e+01,1.0321315e+03,3.8877785e+00,7.1229370e+03,1.1598098e+01,0,nan,nan,nan,nan,231.58508,1.1248208e-03,1461.21880,1.1571842e-03,-3.0140845e-02,-7.3436446e-02
0.34944663344685994,0.9994923775862238,0.0016311464620856464,2602.0003266336257,-4.0298706e-04,989673,231.58470,1461.22372,6.6209653e+03,1.0440424e+01,1.0319293e+03,3.8918049e+00,7.1003066e+03,1.1587522e+01,0,nan,nan,nan,nan,231.58470,1.1265446e-03,1461.22372,1.1624560e-03,-2.9496331e-02,-6.9869377e-02
0.35083552122887357,1.002562532834756,0.0016321484359686767,2602.0017155214077,-4.0298756e-04,989674,231.59299,1461.22892,6.6441250e+03,1.0446985e+01,1.0276862e+03,3.8862357e+00,7.1222178e+03,1.1594805e+01,0,nan,nan,nan,nan,231.59299,1.1225613e-03,1461.22892,1.1573137e-03,-1.9255094e-02,-5.9585519e-02
0.3522244090108872,0.9989120510345564,0.001630277833224072,2602.0031044091897,-4.0298805e-04,989675,231.58508,1461.21842,6.6168599e+03,1.0435161e+01,1.0345372e+03,3.8893514e+00,7.0963857e+03,1.1581680e+01,0,nan,nan,nan,nan,231.58508,1.1268202e-03,1461.21842,1.1637660e-03,-3.1172525e-02,-7.5552367e-02
0.3536132967924461,0.9993765575151665,0.001631670198014033,2602.0044932969713,-4.0298855e-04,989676,231.59168,1461.22795,6.6241035e+03,1.0444221e+01,1.0339799e+03,3.8908372e+00,7.0997871e+03,1.1591738e+01,0,nan,nan,nan,nan,231.59168,1.1257891e-03,1461.22795,1.1630560e-03,-2.0012455e-02,-6.2277183e-02
0.3550021846040183,1.002642049047953,0.0016328941517909376,2602.005882184783,-4.0298901e-04,989677,231.58394,1461.22080,6.6427197e+03,1.0452207e+01,1.0332595e+03,3.8894699e+00,7.1230879e+03,1.1600599e+01,0,nan,nan,nan,nan,231.58394,1.1239813e-03,1461.22080,1.1597617e-03,-2.7768567e-02,-6.9971271e-02
0.3563910723869414,0.997017726047116,0.001630266553043998,2602.007271072566,-4.0298951e-04,989678,231.58921,1461.21903,6.6112832e+03,1.0435538e+01,1.0339906e+03,3.8894920e+00,7.0832329e+03,1.1582099e+01,0,nan,nan,nan,nan,231.58921,1.1266652e-03,1461.21903,1.1611425e-03,-2.4127262e-02,-7.1174279e-02
0.357779960168955,0.9990460095957587,0.0016309560349331298,2602.008659960348,-4.0299000e-04,989679,231.58821,1461.22420,6.6209736e+03,1.0440102e+01,1.0351115e+03,3.8929038e+00,7.0977456e+03,1.1587165e+01,0,nan,nan,nan,nan,231.58821,1.1276995e-03,1461.22420,1.1615751e-03,-2.4898581e-02,-6.7720242e-02
0.35916884795005916,1.0000648275975152,0.001631063419272106,2602.010048848129,-4.0299050e-04,989680,231.58625,1461.21787,6.6252119e+03,1.0440942e+01,1.0316195e+03,3.8888817e+00,7.1050869e+03,1.1588096e+01,0,nan,nan,nan,nan,231.58625,1.1249182e-03,1461.21787,1.1589725e-03,-3.0982114e-02,-7.2861843e-02
0.36055773576163136,1.0005320613417097,0.0016303114133353655,2602.0114377359405,-4.0299096e-04,989681,231.58772,1461.22382,6.6323457e+03,1.0436279e+01,1.0200276e+03,3.8750002e+00,7.1085098e+03,1.1582922e+01,0,nan,nan,nan,nan,231.58772,1.1236651e-03,1461.22382,1.1596230e-03,-2.5805838e-02,-6.7823566e-02
0.36194662354409973,1.0015547750570013,0.001632010366803959,2602.012826623723,-4.0299146e-04,989682,231.59317,1461.22740,6.6399126e+03,1.0447307e+01,1.0308481e+03,3.8900726e+00,7.1158794e+03,1.1595161e+01,0,nan,nan,nan,nan,231.59317,1.1227505e-03,1461.22740,1.1594116e-03,-1.9289436e-02,-6.1386291e-02
0.36333551132520386,1.0007741132573371,0.0016335636062437214,2602.014215511504,-4.0299195e-04,989683,231.58274,1461.21211,6.6303530e+03,1.0457403e+01,1.0302997e+03,3.8968744e+00,7.1104375e+03,1.1606367e+01,0,nan,nan,nan,nan,231.58274,1.1255690e-03,1461.21211,1.1624824e-03,-3.3626422e-02,-8.0147617e-02
0.36472439913677607,1.0000507386081632,0.0016315025456492436,2602.0156043993156,-4.0299242e-04,989684,231.58562,1461.22197,6.6290811e+03,1.0444363e+01,1.0348793e+03,3.8895895e+00,7.1054028e+03,1.1591894e+01,0,nan,nan,nan,nan,231.58562,1.1258628e-03,1461.22197,1.1599169e-03,-2.8103445e-02,-7.0180133e-02
0.36611328691924444,0.9999320672420868,0.0016305342597877407,2602.016993287098,-4.0299291e-04,989685,231.58716,1461.21878,6.6262876e+03,1.0438319e+01,1.0325480e+03,3.8906674e+00,7.1046641e+03,1.1585185e+01,0,nan,nan,nan,nan,231.58716,1.1244584e-03,1461.21878,1.1606017e-03,-2.7735699e-02,-7.2481021e-02
0.36750217470034857,1.0001452012806944,0.001633375821608096,2602.018382174879,-4.0299341e-04,989686,231.58175,1461.22023,6.6280117e+03,1.0456664e+01,1.0367100e+03,3.9002805e+00,7.1062842e+03,1.1605547e+01,0,nan,nan,nan,nan,231.58175,1.1274755e-03,1461.22023,1.1626331e-03,-3.1516336e-02,-7.3839888e-02
0.3688910625119208,0.9985122536099019,0.0016325371110179007,2602.019771062691,-4.0299387e-04,989687,231.58695,1461.22470,6.6166392e+03,1.0451450e+01,1.0404286e+03,3.8986716e+00,7.0947866e+03,1.1599760e+01,0,nan,nan,nan,nan,231.58695,1.1284070e-03,1461.22470,1.1662196e-03,-2.5310243e-02,-6.6272162e-02
0.37027995029438915,1.001465545323536,0.001631290725843162,2602.0211599504732,-4.0299437e-04,989688,231.58403,1461.22023,6.6363076e+03,1.0443627e+01,1.0293889e+03,3.8839540e+00,7.1158770e+03,1.1591077e+01,0,nan,nan,nan,nan,231.58403,1.1240654e-03,1461.22023,1.1604378e-03,-2.8348278e-02,-7.3584832e-02
0.3716688381045971,1.0004935198324678,0.0016312925997737874,2602.0225488382835,-4.0299483e-04,989689,231.58511,1461.22023,6.6326079e+03,1.0443794e+01,1.0312704e+03,3.8858087e+00,7.1090767e+03,1.1591264e+01,0,nan,nan,nan,nan,231.58511,1.1241706e-03,1461.22023,1.1592952e-03,-2.8025115e-02,-6.9915183e-02
0.37305772588752023,1.0032490967273446,0.0016339895881888357,2602.0239377260664,-4.0299533e-04,989690,231.58785,1461.22132,6.6497778e+03,1.0461220e+01,1.0323958e+03,3.9078591e+00,7.1287637e+03,1.1610602e+01,0,nan,nan,nan,nan,231.58785,1.1225368e-03,1461.22132,1.1578214e-03,-2.7927984e-02,-7.0814803e-02
0.3744466136995472,0.9997611425746686,0.0016315591730489058,2602.0253266138784,-4.0299579e-04,989691,231.59095,1461.22105,6.6289834e+03,1.0445816e+01,1.0326462e+03,3.8875654e+00,7.1040869e+03,1.1593507e+01,0,nan,nan,nan,nan,231.59095,1.1248365e-03,1461.22105,1.1603105e-03,-2.4002325e-02,-6.8236671e-02
0.3758355014806513,1.0019050804682654,0.0016314393129421754,2602.0267155016595,-4.0299629e-04,989692,231.58866,1461.22251,6.6418477e+03,1.0445207e+01,1.0276536e+03,3.8823473e+00,7.1194287e+03,1.1592831e+01,0,nan,nan,nan,nan,231.58866,1.1223301e-03,1461.22251,1.1587029e-03,-2.4820361e-02,-6.9928743e-02
0.3772243892922235,0.9995658260362299,0.0016310650241893373,2602.028104389471,-4.0299675e-04,989693,231.58597,1461.22147,6.6259980e+03,1.0442969e+01,1.0360298e+03,3.8927042e+00,7.1029146e+03,1.1590347e+01,0,nan,nan,nan,nan,231.58597,1.1259560e-03,1461.22147,1.1606890e-03,-2.9258791e-02,-6.9783084e-02
0.3786132771037957,0.9991486705251661,0.0016308932285146235,2602.0294932772827,-4.0299722e-04,989694,231.58835,1461.22671,6.6232295e+03,1.0442029e+01,1.0349558e+03,3.8893216e+00,7.1000581e+03,1.1589303e+01,0,nan,nan,nan,nan,231.58835,1.1264579e-03,1461.22671,1.1611457e-03,-2.3440009e-02,-6.4119048e-02
0.38000216488489985,0.998503021640476,0.0016290332430754203,2602.0308821650638,-4.0299771e-04,989695,231.58459,1461.21571,6.6183447e+03,1.0430279e+01,1.0266194e+03,3.8785191e+00,7.0955786e+03,1.1576262e+01,0,nan,nan,nan,nan,231.58459,1.1247952e-03,1461.21571,1.1617884e-03,-2.9727481e-02,-7.7844359e-02
0.38139105269647205,0.9999985785526148,0.0016310423609346362,2602.0322710528753,-4.0299818e-04,989696,231.59205,1461.23256,6.6289771e+03,1.0443303e+01,1.0310895e+03,3.8856597e+00,7.1063149e+03,1.1590717e+01,0,nan,nan,nan,nan,231.59205,1.1263599e-03,1461.23256,1.1598382e-03,-1.9261533e-02,-5.4746132e-02
0.38277994050804426,0.9998658396157483,0.0016315801420627208,2602.033659940687,-4.0299864e-04,989697,231.58440,1461.22238,6.6273628e+03,1.0446908e+01,1.0359272e+03,3.8920758e+00,7.1054814e+03,1.1594718e+01,0,nan,nan,nan,nan,231.58440,1.1248605e-03,1461.22238,1.1606464e-03,-3.0789481e-02,-7.0333295e-02
0.3841688282891484,0.9997680784982903,0.0016304308365965566,2602.035048828468,-4.0299914e-04,989698,231.59096,1461.22409,6.6266528e+03,1.0439711e+01,1.0306459e+03,3.8934255e+00,7.1048965e+03,1.1586729e+01,0,nan,nan,nan,nan,231.59096,1.1252514e-03,1461.22409,1.1604887e-03,-2.0965364e-02,-6.8201795e-02
0.3855577161007206,0.9991535236425642,0.001629802460807931,2602.0364377162796,-4.0299961e-04,989699,231.58393,1461.21566,6.6241030e+03,1.0435848e+01,1.0274723e+03,3.8880045e+00,7.1006387e+03,1.1582443e+01,0,nan,nan,nan,nan,231.58393,1.1249152e-03,1461.21566,1.1590892e-03,-3.2754462e-02,-7.7280901e-02
0.3869466039122928,1.0012565822921087,0.0016317338519536823,2602.037826604091,-4.0300007e-04,989700,231.58829,1461.22076,6.6377275e+03,1.0448376e+01,1.0271963e+03,3.8903182e+00,7.1156948e+03,1.1596349e+01,0,nan,nan,nan,nan,231.58829,1.1259828e-03,1461.22076,1.1595199e-03,-2.3719227e-02,-7.1015589e-02
0.38833549172250076,0.999330232809595,0.001631132062789069,2602.0392154919014,-4.0300054e-04,989701,231.58598,1461.22344,6.6257393e+03,1.0444685e+01,1.0252906e+03,3.8857791e+00,7.1021157e+03,1.1592253e+01,0,nan,nan,nan,nan,231.58598,1.1255937e-03,1461.22344,1.1632913e-03,-2.7381873e-02,-7.0693344e-02
0.3897243795336182,1.0009374839746552,0.0016322696709478674,2602.0406043797125,-4.0300100e-04,989702,231.58634,1461.22206,6.6376631e+03,1.0452134e+01,1.0342582e+03,3.9001048e+00,7.1136494e+03,1.1600519e+01,0,nan,nan,nan,nan,231.58634,1.1246164e-03,1461.22206,1.1589709e-03,-2.7163405e-02,-6.8519212e-02
0.39111326731563184,0.9984280889830383,0.0016315302140455714,2602.0419932674945,-4.0300150e-04,989703,231.58473,1461.21953,6.6188433e+03,1.0447563e+01,1.0351962e+03,3.9092970e+00,7.0959268e+03,1.1595446e+01,0,nan,nan,nan,nan,231.58473,1.1266225e-03,1461.21953,1.1610584e-03,-2.8148033e-02,-7.1965463e-02
0.3925021551276588,1.0045171530205865,0.0016325674470440226,2602.0433821553065,-4.0300196e-04,989704,231.58573,1461.22567,6.6561899e+03,1.0454370e+01,1.0294309e+03,3.8858497e+00,7.1393149e+03,1.1603001e+01,0,nan,nan,nan,nan,231.58573,1.1201671e-03,1461.22567,1.1568124e-03,-2.5066109e-02,-6.5838814e-02
0.39389104293877625,0.9988820678114777,0.001630678022235118,2602.0447710431176,-4.0300243e-04,989705,231.58512,1461.21853,6.6218472e+03,1.0442436e+01,1.0344399e+03,3.8928580e+00,7.0993774e+03,1.1589755e+01,0,nan,nan,nan,nan,231.58512,1.1254385e-03,1461.21853,1.1626887e-03,-2.7975371e-02,-7.5405017e-02
0.3952799307498937,0.9998948993054216,0.0016310716486330793,2602.0461599309288,-4.0300289e-04,989706,231.58467,1461.22071,6.6261460e+03,1.0445123e+01,1.0338373e+03,3.8876078e+00,7.1066885e+03,1.1592736e+01,0,nan,nan,nan,nan,231.58467,1.1258351e-03,1461.22071,1.1604853e-03,-2.6576333e-02,-7.1691811e-02
0.39666881856101116,0.9981151947117965,0.0016311701711575186,2602.04754881874,-4.0300336e-04,989707,231.58525,1461.22519,6.6176650e+03,1.0445919e+01,1.0304041e+03,3.8940504e+00,7.0941523e+03,1.1593621e+01,0,nan,nan,nan,nan,231.58525,1.1261549e-03,1461.22519,1.1622281e-03,-2.5061715e-02,-6.8493605e-02
0.3980577063721286,0.9975127308544776,0.0016303233444476815,2602.048937706551,-4.0300383e-04,989708,231.58762,1461.22295,6.6145410e+03,1.0440663e+01,1.0353090e+03,3.8913217e+00,7.0899834e+03,1.1587788e+01,0,nan,nan,nan,nan,231.58762,1.1280742e-03,1461.22295,1.1632006e-03,-2.5405992e-02,-6.6829287e-02
0.3994465941832461,1.0011981496983509,0.0016325365849901678,2602.050326594362,-4.0300429e-04,989709,231.58725,1461.22556,6.6379321e+03,1.0455005e+01,1.0351642e+03,3.8964765e+00,7.1162920e+03,1.1603704e+01,0,nan,nan,nan,nan,231.58725,1.1232785e-03,1461.22556,1.1609049e-03,-2.5358796e-02,-6.6722885e-02
0.40083548199436353,0.9963961463770428,0.0016297302694761033,2602.051715482173,-4.0300476e-04,989710,231.59097,1461.22758,6.6060000e+03,1.0437200e+01,1.0398254e+03,3.9011147e+00,7.0822744e+03,1.1583943e+01,0,nan,nan,nan,nan,231.59097,1.1278044e-03,1461.22758,1.1651180e-03,-2.0780511e-02,-6.2963285e-02
0.402224369805481,1.0008795864095839,0.001631837659504967,2602.0531043699843,-4.0300522e-04,989711,231.58607,1461.21808,6.6350332e+03,1.0450864e+01,1.0358972e+03,3.8947377e+00,7.1142563e+03,1.1599110e+01,0,nan,nan,nan,nan,231.58607,1.1250569e-03,1461.21808,1.1611308e-03,-2.9518403e-02,-7.3589154e-02
0.40361325761659844,1.0004465200907628,0.001630387426734721,2602.0544932577955,-4.0300569e-04,989712,231.58588,1461.22009,6.6344380e+03,1.0441745e+01,1.0301833e+03,3.8839769e+00,7.1112935e+03,1.1588988e+01,0,nan,nan,nan,nan,231.58588,1.1246067e-03,1461.22009,1.1578988e-03,-2.8345946e-02,-7.0590504e-02
0.4050021454277159,1.004304031917098,0.0016328216484022735,2602.0558821456066,-4.0300615e-04,989713,231.58724,1461.22398,6.6588237e+03,1.0457504e+01,1.0325216e+03,3.8865814e+00,7.1388291e+03,1.1606480e+01,0,nan,nan,nan,nan,231.58724,1.1205666e-03,1461.22398,1.1581933e-03,-2.6451543e-02,-6.8609424e-02
0.40639103323883335,1.0016041177299249,0.0016325501207376297,2602.0572710334177,-4.0300662e-04,989714,231.59277,1461.22695,6.6410654e+03,1.0455936e+01,1.0375049e+03,3.8956871e+00,7.1197534e+03,1.1604738e+01,0,nan,nan,nan,nan,231.59277,1.1250960e-03,1461.22695,1.1598300e-03,-1.8378548e-02,-6.1492845e-02
0.40777992107905464,1.0002536853746204,0.0016302471220414397,2602.058659921258,-4.0300706e-04,989715,231.58829,1461.22295,6.6311099e+03,1.0441357e+01,1.0299553e+03,3.8846529e+00,7.1102700e+03,1.1588557e+01,0,nan,nan,nan,nan,231.58829,1.1249345e-03,1461.22295,1.1599998e-03,-2.3030547e-02,-6.7453347e-02
0.4091688088901721,0.9990107343378578,0.001632479172641811,2602.060048809069,-4.0300752e-04,989716,231.57750,1461.21330,6.6214580e+03,1.0455824e+01,1.0328121e+03,3.8962121e+00,7.1015508e+03,1.1604613e+01,0,nan,nan,nan,nan,231.57750,1.1273820e-03,1461.21330,1.1663005e-03,-3.7352584e-02,-8.2151473e-02
0.4105576967017443,1.0000413890141395,0.001629777374507068,2602.0614376968806,-4.0300799e-04,989717,231.58643,1461.21895,6.6311230e+03,1.0438690e+01,1.0285757e+03,3.8835359e+00,7.1089937e+03,1.1585598e+01,0,nan,nan,nan,nan,231.58643,1.1247112e-03,1461.21895,1.1588550e-03,-2.5844490e-02,-7.3916800e-02
0.4119465845133165,1.0017038316363902,0.001631248311360539,2602.062826584692,-4.0300845e-04,989718,231.58447,1461.21886,6.6415176e+03,1.0448284e+01,1.0361760e+03,3.8858163e+00,7.1209292e+03,1.1596246e+01,0,nan,nan,nan,nan,231.58447,1.1237439e-03,1461.21886,1.1578837e-03,-3.0751802e-02,-7.1253285e-02
0.41333547232443396,0.9996981302259815,0.001630481761688591,2602.0642154725033,-4.0300892e-04,989719,231.58494,1461.22085,6.6276655e+03,1.0443547e+01,1.0353779e+03,3.8917654e+00,7.1067881e+03,1.1590988e+01,0,nan,nan,nan,nan,231.58494,1.1246308e-03,1461.22085,1.1593371e-03,-2.8696392e-02,-6.9716781e-02
0.41472436016465525,1.00130253929427,0.0016310749637262433,2602.0656043603435,-4.0300936e-04,989720,231.58742,1461.22020,6.6393188e+03,1.0447519e+01,1.0336428e+03,3.8879294e+00,7.1183120e+03,1.1595397e+01,0,nan,nan,nan,nan,231.58742,1.1247697e-03,1461.22020,1.1590107e-03,-2.6877856e-02,-7.0202947e-02
0.4161132479757727,1.0035965045998043,0.001632576951547243,2602.0669932481546,-4.0300982e-04,989721,231.58856,1461.22197,6.6532988e+03,1.0457314e+01,1.0371071e+03,3.8900337e+00,7.1347388e+03,1.1606268e+01,0,nan,nan,nan,nan,231.58856,1.1226286e-03,1461.22197,1.1583818e-03,-2.4629029e-02,-6.8516202e-02
0.41750213578689016,1.0004142243062653,0.0016297234119077868,2602.0683821359657,-4.0301029e-04,989722,231.58639,1461.21955,6.6365620e+03,1.0439210e+01,1.0273395e+03,3.8798063e+00,7.1122339e+03,1.1586175e+01,0,nan,nan,nan,nan,231.58639,1.1237741e-03,1461.21955,1.1584141e-03,-2.4601886e-02,-7.0924945e-02
0.41889102362711145,1.0009382558964128,0.0016302733115066725,2602.069771023806,-4.0301072e-04,989723,231.58982,1461.22289,6.6386895e+03,1.0442907e+01,1.0299690e+03,3.8828795e+00,7.1160786e+03,1.1590279e+01,0,nan,nan,nan,nan,231.58982,1.1235414e-03,1461.22289,1.1594800e-03,-2.5206622e-02,-6.6955991e-02
0.4202799114382289,1.0032424347347642,0.0016327190641342484,2602.071159911617,-4.0301119e-04,989724,231.58731,1461.22327,6.6510317e+03,1.0458750e+01,1.0293448e+03,3.8883479e+00,7.1325796e+03,1.1607862e+01,0,nan,nan,nan,nan,231.58731,1.1254495e-03,1461.22327,1.1589431e-03,-2.4523461e-02,-6.7979179e-02
0.4216687992784502,1.0010855959687337,0.0016325384044613947,2602.0725487994573,-4.0301163e-04,989725,231.58673,1461.22539,6.6393892e+03,1.0457769e+01,1.0339960e+03,3.9035637e+00,7.1173652e+03,1.1606772e+01,0,nan,nan,nan,nan,231.58673,1.1261665e-03,1461.22539,1.1592123e-03,-2.7165880e-02,-6.4587936e-02
0.42305768708956765,1.0025597074131793,0.0016319725096934012,2602.0739376872684,-4.0301209e-04,989726,231.58235,1461.21313,6.6461899e+03,1.0454320e+01,1.0239514e+03,3.8847282e+00,7.1279663e+03,1.1602945e+01,0,nan,nan,nan,nan,231.58235,1.1249712e-03,1461.21313,1.1589844e-03,-3.2898203e-02,-8.0847897e-02
0.4244465748997756,1.0015105305191179,0.0016323939592215375,2602.0753265750786,-4.0301256e-04,989727,231.59131,1461.22180,6.6409829e+03,1.0457197e+01,1.0352761e+03,3.8992827e+00,7.1206279e+03,1.1606138e+01,0,nan,nan,nan,nan,231.59131,1.1239434e-03,1461.22180,1.1594618e-03,-2.4657940e-02,-6.6362739e-02
0.42583546274045164,0.9998017640236186,0.0016323157398463776,2602.0767154629193,-4.0301299e-04,989728,231.59006,1461.22728,6.6304966e+03,1.0456875e+01,1.0370284e+03,3.9132986e+00,7.1085991e+03,1.1605780e+01,0,nan,nan,nan,nan,231.59006,1.1263278e-03,1461.22728,1.1603432e-03,-2.0748431e-02,-6.2155843e-02
0.42722435055202385,1.0004309405386873,0.0016312564567490331,2602.078104350731,-4.0301346e-04,989729,231.58514,1461.22139,6.6358818e+03,1.0450267e+01,1.0372449e+03,3.8951576e+00,7.1131943e+03,1.1598446e+01,0,nan,nan,nan,nan,231.58514,1.1255610e-03,1461.22139,1.1597613e-03,-2.7173443e-02,-7.0392318e-02
0.42861323839133564,0.9977272242047692,0.0016319812563851367,2602.07949323857,-4.0301390e-04,989730,231.58790,1461.22241,6.6160439e+03,1.0455089e+01,1.0380260e+03,3.9134014e+00,7.0940918e+03,1.1603798e+01,0,nan,nan,nan,nan,231.58790,1.1273811e-03,1461.22241,1.1638373e-03,-2.4571771e-02,-7.1109831e-02
0.4300021262324664,1.0013796044309973,0.0016303746258273947,2602.0808821264113,-4.0301433e-04,989731,231.59148,1461.22924,6.6402056e+03,1.0444976e+01,1.0305935e+03,3.8839726e+00,7.1201836e+03,1.1592573e+01,0,nan,nan,nan,nan,231.59148,1.1233150e-03,1461.22924,1.1597099e-03,-2.2323776e-02,-5.9990790e-02
0.43139101404449337,1.0013465365500234,0.0016309648266329608,2602.0822710142234,-4.0301480e-04,989732,231.58940,1461.22673,6.6376855e+03,1.0448935e+01,1.0357483e+03,3.8898745e+00,7.1200703e+03,1.1596969e+01,0,nan,nan,nan,nan,231.58940,1.1243433e-03,1461.22673,1.1607407e-03,-2.3902001e-02,-6.3675702e-02
0.43277990188380516,0.9997813726404787,0.0016296603026856723,2602.0836599020627,-4.0301523e-04,989733,231.57935,1461.21664,6.6312783e+03,1.0440759e+01,1.0303350e+03,3.8874211e+00,7.1090645e+03,1.1587893e+01,0,nan,nan,nan,nan,231.57935,1.1245888e-03,1461.21664,1.1601353e-03,-3.5018802e-02,-7.6996423e-02
0.43416878969537737,0.9997595401868937,0.0016323912984439364,2602.0850487898742,-4.0301570e-04,989734,231.58606,1461.22132,6.6320518e+03,1.0458437e+01,1.0411265e+03,3.8980191e+00,7.1090317e+03,1.1607513e+01,0,nan,nan,nan,nan,231.58606,1.1258521e-03,1461.22132,1.1620456e-03,-2.5709745e-02,-7.0874877e-02
0.4355576775360534,0.9981140450669641,0.0016299983085636292,2602.086437677715,-4.0301614e-04,989735,231.58312,1461.21801,6.6193809e+03,1.0443285e+01,1.0388519e+03,3.8891652e+00,7.0974546e+03,1.1590698e+01,0,nan,nan,nan,nan,231.58312,1.1276337e-03,1461.21801,1.1613789e-03,-3.2122150e-02,-7.5624950e-02
0.4369465653753652,0.9995551068347804,0.0016294039136571475,2602.087826565554,-4.0301657e-04,989736,231.58553,1461.21615,6.6317607e+03,1.0439660e+01,1.0302731e+03,3.8817968e+00,7.1078252e+03,1.1586674e+01,0,nan,nan,nan,nan,231.58553,1.1250960e-03,1461.21615,1.1578106e-03,-2.8818583e-02,-7.4514627e-02
0.4383354531869374,1.0011253051823925,0.0016308275357598328,2602.089215453366,-4.0301704e-04,989737,231.59109,1461.23027,6.6433750e+03,1.0448963e+01,1.0348402e+03,3.8916199e+00,7.1191157e+03,1.1596999e+01,0,nan,nan,nan,nan,231.59109,1.1226116e-03,1461.23027,1.1585839e-03,-2.0370863e-02,-5.8403622e-02
0.43972434102761343,0.9976051570633254,0.0016289402042382205,2602.0906043412065,-4.0301748e-04,989738,231.57890,1461.21675,6.6087925e+03,1.0437054e+01,1.0368379e+03,3.8957300e+00,7.0942075e+03,1.1583781e+01,0,nan,nan,nan,nan,231.57890,1.1302789e-03,1461.21675,1.1656749e-03,-3.4073550e-02,-7.7026106e-02
0.4411132288669252,1.0001915457112933,0.0016307482187292693,2602.091993229046,-4.0301791e-04,989739,231.58447,1461.21914,6.6316650e+03,1.0448822e+01,1.0375524e+03,3.8976219e+00,7.1127251e+03,1.1596843e+01,0,nan,nan,nan,nan,231.58447,1.1245093e-03,1461.21914,1.1623914e-03,-2.8723003e-02,-7.2505489e-02
0.44250211670760126,1.0010475313894813,0.0016304964872795207,2602.0933821168865,-4.0301835e-04,989740,231.59451,1461.22760,6.6441602e+03,1.0447392e+01,1.0369286e+03,3.8876541e+00,7.1189380e+03,1.1595257e+01,0,nan,nan,nan,nan,231.59451,1.1201702e-03,1461.22760,1.1583528e-03,-1.8609170e-02,-6.0720082e-02
0.44389100451917346,1.0021860618681449,0.0016314661158990415,2602.094771004698,-4.0301881e-04,989741,231.58449,1461.21904,6.6472144e+03,1.0453790e+01,1.0344486e+03,3.8900285e+00,7.1271602e+03,1.1602357e+01,0,nan,nan,nan,nan,231.58449,1.1223798e-03,1461.21904,1.1590967e-03,-3.0780008e-02,-7.5410798e-02
0.44527989235848525,1.0038697440501778,0.0016314946264434321,2602.0961598925373,-4.0301925e-04,989742,231.58513,1461.22223,6.6582124e+03,1.0454159e+01,1.0286787e+03,3.8823934e+00,7.1392603e+03,1.1602766e+01,0,nan,nan,nan,nan,231.58513,1.1214335e-03,1461.22223,1.1574520e-03,-2.9318556e-02,-7.0248351e-02
0.4466687801991613,0.9999845395424408,0.0016305614915205328,2602.097548780378,-4.0301969e-04,989743,231.59259,1461.22795,6.6346650e+03,1.0448365e+01,1.0288035e+03,3.8919117e+00,7.1117568e+03,1.1596335e+01,0,nan,nan,nan,nan,231.59259,1.1227145e-03,1461.22795,1.1610072e-03,-2.0804409e-02,-6.2727794e-02
0.44805766804029207,1.0000919438821336,0.0016301452890252644,2602.098937668219,-4.0302012e-04,989744,231.58506,1461.21969,6.6349824e+03,1.0445883e+01,1.0318334e+03,3.8859634e+00,7.1126475e+03,1.1593582e+01,0,nan,nan,nan,nan,231.58506,1.1251228e-03,1461.21969,1.1588668e-03,-2.8751967e-02,-7.2125465e-02
0.4494465558809681,1.0026883542544416,0.0016318868962106228,2602.10032655606,-4.0302056e-04,989745,231.58622,1461.22197,6.6515005e+03,1.0457232e+01,1.0286117e+03,3.8842800e+00,7.1312402e+03,1.1606176e+01,0,nan,nan,nan,nan,231.58622,1.1213329e-03,1461.22197,1.1577165e-03,-2.6150001e-02,-6.8895549e-02
0.4508354437211894,1.0009376179359109,0.0016302996397724186,2602.1017154439,-4.0302100e-04,989746,231.59571,1461.22713,6.6411289e+03,1.0447248e+01,1.0366237e+03,3.8898940e+00,7.1189165e+03,1.1595096e+01,0,nan,nan,nan,nan,231.59571,1.1230828e-03,1461.22713,1.1581419e-03,-1.7354829e-02,-6.1730523e-02
0.4522243315614107,0.9962423002809097,0.0016289997211997721,2602.1031043317403,-4.0302143e-04,989747,231.58687,1461.22339,6.6103838e+03,1.0439106e+01,1.0398983e+03,3.8922970e+00,7.0856499e+03,1.1586059e+01,0,nan,nan,nan,nan,231.58687,1.1272981e-03,1461.22339,1.1622108e-03,-2.5132915e-02,-6.4692892e-02
0.45361321940072247,1.0007483595244275,0.0016300064393898782,2602.1044932195796,-4.0302187e-04,989748,231.57468,1461.21120,6.6361787e+03,1.0445745e+01,1.0318049e+03,3.8976765e+00,7.1178267e+03,1.1593428e+01,0,nan,nan,nan,nan,231.57468,1.1245342e-03,1461.21120,1.1578751e-03,-4.1463658e-02,-8.6546332e-02
0.4550021072413985,1.0009482067760953,0.0016332241166446952,2602.1058821074203,-4.0302231e-04,989749,231.58913,1461.22032,6.6423433e+03,1.0466555e+01,1.0414410e+03,3.9160929e+00,7.1193774e+03,1.1616524e+01,0,nan,nan,nan,nan,231.58913,1.1261139e-03,1461.22032,1.1594699e-03,-2.3930520e-02,-7.2500423e-02
0.45639099508207454,0.999161709500902,0.0016287889114493363,2602.107270995261,-4.0302274e-04,989750,231.58436,1461.21718,6.6283340e+03,1.0438321e+01,1.0341663e+03,3.8856256e+00,7.1067998e+03,1.1585188e+01,0,nan,nan,nan,nan,231.58436,1.1240835e-03,1461.21718,1.1586953e-03,-2.9364184e-02,-7.3728807e-02
0.4577798829213863,0.9974693179501964,0.0016289725770444261,2602.1086598831002,-4.0302318e-04,989751,231.59085,1461.22302,6.6189204e+03,1.0439688e+01,1.0293949e+03,3.8920865e+00,7.0948911e+03,1.1586705e+01,0,nan,nan,nan,nan,231.59085,1.1246743e-03,1461.22302,1.1612654e-03,-2.3602437e-02,-6.9020011e-02
0.4591687707616076,1.0017996106875307,0.0016318519387709127,2602.1100487709405,-4.0302362e-04,989752,231.57998,1461.21942,6.6452231e+03,1.0458332e+01,1.0403933e+03,3.8951931e+00,7.1258223e+03,1.1607397e+01,0,nan,nan,nan,nan,231.57998,1.1240405e-03,1461.21942,1.1576155e-03,-3.1750962e-02,-7.0426576e-02
0.4605576586018289,1.0008609755136746,0.0016307033102590587,2602.1114376587807,-4.0302405e-04,989753,231.59216,1461.22695,6.6406948e+03,1.0451161e+01,1.0320558e+03,3.8923202e+00,7.1192754e+03,1.1599440e+01,0,nan,nan,nan,nan,231.59216,1.1238798e-03,1461.22695,1.1586953e-03,-2.1285113e-02,-6.3387610e-02
0.4619465464420502,1.0016705349704813,0.0016305432052495837,2602.112826546621,-4.0302449e-04,989754,231.58813,1461.22649,6.6467876e+03,1.0450328e+01,1.0318969e+03,3.8880885e+00,7.1251646e+03,1.1598514e+01,0,nan,nan,nan,nan,231.58813,1.1226322e-03,1461.22649,1.1597617e-03,-2.5315989e-02,-6.6248924e-02
0.4633354343113753,1.0005707966359283,0.001629335078335905,2602.1142154344902,-4.0302490e-04,989755,231.58768,1461.22439,6.6380874e+03,1.0442777e+01,1.0286392e+03,3.8828158e+00,7.1174731e+03,1.1590133e+01,0,nan,nan,nan,nan,231.58768,1.1234001e-03,1461.22439,1.1598665e-03,-2.3084156e-02,-6.7747355e-02
0.4647243221515966,0.998423205107906,0.0016292464314096875,2602.1156043223305,-4.0302533e-04,989756,231.58265,1461.21710,6.6252354e+03,1.0442400e+01,1.0367195e+03,3.8892181e+00,7.1023271e+03,1.1589716e+01,0,nan,nan,nan,nan,231.58265,1.1252175e-03,1461.21710,1.1614105e-03,-2.9991917e-02,-7.4593604e-02
0.4661132099927274,0.9990849084759753,0.0016294050340393035,2602.1169932101716,-4.0302577e-04,989757,231.58859,1461.22538,6.6313057e+03,1.0443610e+01,1.0311338e+03,3.8912997e+00,7.1071660e+03,1.1591059e+01,0,nan,nan,nan,nan,231.58859,1.1235444e-03,1461.22538,1.1596413e-03,-2.4261415e-02,-6.7132592e-02
0.46750209783294866,0.9983483541625477,0.00162928507064307,2602.118382098012,-4.0302621e-04,989758,231.58802,1461.21896,6.6228838e+03,1.0443036e+01,1.0386569e+03,3.8901496e+00,7.1020581e+03,1.1590421e+01,0,nan,nan,nan,nan,231.58802,1.1255895e-03,1461.21896,1.1612010e-03,-2.4592726e-02,-7.1849376e-02
0.4688909856736247,0.9987554820424125,0.0016299225669813172,2602.1197709858525,-4.0302664e-04,989759,231.58692,1461.22176,6.6281104e+03,1.0447316e+01,1.0372787e+03,3.8926172e+00,7.1050869e+03,1.1595172e+01,0,nan,nan,nan,nan,231.58692,1.1251068e-03,1461.22176,1.1606879e-03,-2.6154067e-02,-6.7200355e-02
0.4702798735429498,1.0007938119623045,0.001629712124787993,2602.121159873722,-4.0302705e-04,989760,231.58517,1461.22458,6.6410806e+03,1.0446163e+01,1.0289720e+03,3.8845384e+00,7.1197202e+03,1.1593891e+01,0,nan,nan,nan,nan,231.58517,1.1235067e-03,1461.22458,1.1578065e-03,-2.7872244e-02,-6.7909934e-02
0.47166876138271635,0.9986760257937239,0.0016298155114740122,2602.1225487615616,-4.0302749e-04,989761,231.58578,1461.21559,6.6256807e+03,1.0447021e+01,1.0348267e+03,3.9059854e+00,7.1047866e+03,1.1594843e+01,0,nan,nan,nan,nan,231.58578,1.1249954e-03,1461.21559,1.1606332e-03,-2.8611837e-02,-7.6293133e-02
0.47305764922293764,0.9997278590270664,0.001629859771306888,2602.123937649402,-4.0302792e-04,989762,231.58754,1461.22205,6.6335679e+03,1.0447500e+01,1.0357183e+03,3.8927865e+00,7.1124033e+03,1.1595376e+01,0,nan,nan,nan,nan,231.58754,1.1264279e-03,1461.22205,1.1607566e-03,-2.6208598e-02,-7.2592691e-02
0.47444653709226275,1.000914074203039,0.0016301225431172954,2602.125326537271,-4.0302833e-04,989763,231.58803,1461.22237,6.6419795e+03,1.0449381e+01,1.0271194e+03,3.8869264e+00,7.1209766e+03,1.1597464e+01,0,nan,nan,nan,nan,231.58803,1.1249037e-03,1461.22237,1.1594244e-03,-2.5215382e-02,-6.9673359e-02
0.47583542493248404,1.0003676568050535,0.001630868777702596,2602.1267154251113,-4.0302877e-04,989764,231.58563,1461.22215,6.6385430e+03,1.0454362e+01,1.0349795e+03,3.8930883e+00,7.1172236e+03,1.1602991e+01,0,nan,nan,nan,nan,231.58563,1.1236160e-03,1461.22215,1.1608454e-03,-2.8076809e-02,-6.8633966e-02
0.47722431280180916,1.0020845640888578,0.0016303198578319113,2602.1281043129807,-4.0302917e-04,989765,231.58964,1461.21673,6.6499131e+03,1.0451040e+01,1.0335334e+03,3.8849390e+00,7.1295737e+03,1.1599305e+01,0,nan,nan,nan,nan,231.58964,1.1229982e-03,1461.21673,1.1572514e-03,-2.5395853e-02,-7.3092341e-02
0.47861320064203045,1.0009096201864516,0.0016295636756450292,2602.129493200821,-4.0302961e-04,989766,231.58615,1461.22061,6.6428135e+03,1.0446392e+01,1.0332417e+03,3.8877637e+00,7.1213491e+03,1.1594146e+01,0,nan,nan,nan,nan,231.58615,1.1223779e-03,1461.22061,1.1573838e-03,-2.8017016e-02,-6.9835797e-02
0.48000208848225173,1.000459700517552,0.0016308311524683636,2602.130882088661,-4.0303005e-04,989767,231.58683,1461.22167,6.6414351e+03,1.0454716e+01,1.0371163e+03,3.8908246e+00,7.1182832e+03,1.1603384e+01,0,nan,nan,nan,nan,231.58683,1.1255719e-03,1461.22167,1.1582099e-03,-2.6609598e-02,-7.1130633e-02
0.48139097635157685,0.9978467098982596,0.0016296120984151431,2602.1322709765304,-4.0303046e-04,989768,231.58540,1461.21775,6.6234370e+03,1.0447100e+01,1.0333785e+03,3.8927040e+00,7.0998271e+03,1.1594932e+01,0,nan,nan,nan,nan,231.58540,1.1290441e-03,1461.21775,1.1589536e-03,-2.8247409e-02,-7.0965014e-02
0.48277986419179814,0.998960404940033,0.001629822973687244,2602.1336598643707,-4.0303089e-04,989769,231.58831,1461.22641,6.6288887e+03,1.0448652e+01,1.0346802e+03,3.8883605e+00,7.1078877e+03,1.1596654e+01,0,nan,nan,nan,nan,231.58831,1.1251654e-03,1461.22641,1.1608482e-03,-2.4197241e-02,-6.4403787e-02
0.48416875206112325,1.0016290515277675,0.0016302519768304096,2602.13504875224,-4.0303130e-04,989770,231.59111,1461.22325,6.6488218e+03,1.0451603e+01,1.0350734e+03,3.8873997e+00,7.1270122e+03,1.1599929e+01,0,nan,nan,nan,nan,231.59111,1.1231493e-03,1461.22325,1.1579546e-03,-2.3022247e-02,-6.9409810e-02
0.48555763993135787,0.9976015370438626,0.0016281154942594533,2602.13643764011,-4.0303171e-04,989771,231.58832,1461.22604,6.6211392e+03,1.0438106e+01,1.0343490e+03,3.8880358e+00,7.0984912e+03,1.1584949e+01,0,nan,nan,nan,nan,231.58832,1.1262307e-03,1461.22604,1.1606425e-03,-2.4946686e-02,-6.4147919e-02
0.48694652777248865,0.9980063546114469,0.0016284562684661073,2602.1378265279513,-4.0303214e-04,989772,231.58348,1461.21317,6.6244868e+03,1.0440492e+01,1.0325156e+03,3.8878348e+00,7.1015088e+03,1.1587598e+01,0,nan,nan,nan,nan,231.58348,1.1244216e-03,1461.21317,1.1603523e-03,-2.9613832e-02,-7.8808814e-02
0.48833541564090427,1.000834380676556,0.0016308772445132185,2602.1392154158198,-4.0303255e-04,989773,231.58879,1461.22371,6.6395132e+03,1.0456216e+01,1.0399946e+03,3.8935559e+00,7.1217700e+03,1.1605049e+01,0,nan,nan,nan,nan,231.58879,1.1246755e-03,1461.22371,1.1620901e-03,-2.2503989e-02,-6.5730028e-02
0.4897243034806708,0.9985787818903282,0.0016304547644994736,2602.1406043036595,-4.0303299e-04,989774,231.58565,1461.22505,6.6299204e+03,1.0453711e+01,1.0391370e+03,3.8956413e+00,7.1058569e+03,1.1602268e+01,0,nan,nan,nan,nan,231.58565,1.1291307e-03,1461.22505,1.1609420e-03,-2.8623383e-02,-6.8337224e-02
0.4911131913499959,1.0037030556459798,0.0016315308008855956,2602.141993191529,-4.0303339e-04,989775,231.59320,1461.22264,6.6631982e+03,1.0460812e+01,1.0294635e+03,3.8860304e+00,7.1424600e+03,1.1610150e+01,0,nan,nan,nan,nan,231.59320,1.1201459e-03,1461.22264,1.1568215e-03,-1.9357868e-02,-6.9056474e-02
0.4925020792197758,1.0004427713538468,0.0016296619979119617,2602.1433820793986,-4.0303380e-04,989776,231.58802,1461.22407,6.6420029e+03,1.0449034e+01,1.0305543e+03,3.8840134e+00,7.1193984e+03,1.1597078e+01,0,nan,nan,nan,nan,231.58802,1.1240528e-03,1461.22407,1.1592248e-03,-2.4949005e-02,-6.7652918e-02
0.4938909670590876,0.9982671040637151,0.0016284019810385694,2602.144770967238,-4.0303424e-04,989777,231.58582,1461.22193,6.6278975e+03,1.0441158e+01,1.0309307e+03,3.8874533e+00,7.1040542e+03,1.1588338e+01,0,nan,nan,nan,nan,231.58582,1.1246327e-03,1461.22193,1.1614237e-03,-2.9362960e-02,-6.9359966e-02
0.49527985492886745,0.9967244439756772,0.0016285228509726657,2602.1461598551077,-4.0303465e-04,989778,231.58426,1461.21851,6.6171294e+03,1.0442139e+01,1.0361169e+03,3.9013917e+00,7.0932153e+03,1.1589425e+01,0,nan,nan,nan,nan,231.58426,1.1270103e-03,1461.21851,1.1619962e-03,-2.8232312e-02,-7.5722940e-02
0.4966687427986473,1.001956701595874,0.0016309870638038311,2602.1475487429775,-4.0303505e-04,989779,231.58603,1461.22071,6.6524551e+03,1.0458145e+01,1.0379111e+03,3.8898740e+00,7.1305913e+03,1.1607190e+01,0,nan,nan,nan,nan,231.58603,1.1222864e-03,1461.22071,1.1591744e-03,-2.9086793e-02,-7.2033204e-02
0.49805763066706293,0.9981981567928049,0.001628566706177272,2602.148937630846,-4.0303546e-04,989780,231.58649,1461.22218,6.6288438e+03,1.0442831e+01,1.0325791e+03,3.8903580e+00,7.1039824e+03,1.1590194e+01,0,nan,nan,nan,nan,231.58649,1.1242362e-03,1461.22218,1.1596753e-03,-2.6063696e-02,-6.6402696e-02
0.4994465185368428,0.9989608549403248,0.0016279273022247937,2602.1503265187157,-4.0303587e-04,989781,231.58376,1461.21872,6.6326099e+03,1.0438937e+01,1.0283818e+03,3.8829923e+00,7.1095513e+03,1.1585872e+01,0,nan,nan,nan,nan,231.58376,1.1233995e-03,1461.21872,1.1603535e-03,-2.9755393e-02,-7.3059708e-02
0.5008354063775189,0.9991908889291388,0.0016296940973058733,2602.1517154065564,-4.0303631e-04,989782,231.58639,1461.22160,6.6339326e+03,1.0450473e+01,1.0408055e+03,3.8913617e+00,7.1113286e+03,1.1598676e+01,0,nan,nan,nan,nan,231.58639,1.1247186e-03,1461.22160,1.1600781e-03,-2.6887959e-02,-6.9472633e-02
0.5022242942459345,0.9968166511316293,0.0016285790461271399,2602.153104294425,-4.0303671e-04,989783,231.58833,1461.21987,6.6189790e+03,1.0443531e+01,1.0343914e+03,3.8936644e+00,7.0945723e+03,1.1590970e+01,0,nan,nan,nan,nan,231.58833,1.1288794e-03,1461.21987,1.1616885e-03,-2.3978803e-02,-7.3051699e-02
0.5036131821161691,0.9976318125620077,0.0016295296324183286,2602.154493182295,-4.0303712e-04,989784,231.58720,1461.22446,6.6223281e+03,1.0449835e+01,1.0388967e+03,3.8953445e+00,7.1005151e+03,1.1597966e+01,0,nan,nan,nan,nan,231.58720,1.1276987e-03,1461.22446,1.1625459e-03,-2.5563281e-02,-6.7111567e-02
0.5050020699864037,0.9970157132108574,0.0016285313203335454,2602.1558820701653,-4.0303753e-04,989785,231.58718,1461.22007,6.6189429e+03,1.0443641e+01,1.0419922e+03,3.8950114e+00,7.0962720e+03,1.1591092e+01,0,nan,nan,nan,nan,231.58718,1.1273895e-03,1461.22007,1.1607894e-03,-2.7234627e-02,-6.9385394e-02
0.5063909578557289,1.0001267079903147,0.001629922651168902,2602.1572709580346,-4.0303794e-04,989786,231.58738,1461.22533,6.6396274e+03,1.0452772e+01,1.0345400e+03,3.8926539e+00,7.1185566e+03,1.1601227e+01,0,nan,nan,nan,nan,231.58738,1.1224782e-03,1461.22533,1.1619744e-03,-2.6132153e-02,-6.7758150e-02
0.507779845725054,1.0002341567618973,0.0016299178323230766,2602.158659845904,-4.0303834e-04,989787,231.58889,1461.22070,6.6400195e+03,1.0452950e+01,1.0385371e+03,3.8924820e+00,7.1194644e+03,1.1601425e+01,0,nan,nan,nan,nan,231.58889,1.1240297e-03,1461.22070,1.1591690e-03,-2.6157595e-02,-7.1479738e-02
0.5091687335943791,0.9975905231948079,0.001627919201341624,2602.1600487337732,-4.0303875e-04,989788,231.58741,1461.22338,6.6247812e+03,1.0440344e+01,1.0318928e+03,3.8819268e+00,7.1007905e+03,1.1587433e+01,0,nan,nan,nan,nan,231.58741,1.1251279e-03,1461.22338,1.1600661e-03,-2.7340362e-02,-6.8534717e-02
0.5105576214632495,1.0008540041842364,0.001628750453921894,2602.161437621642,-4.0303916e-04,989789,231.58517,1461.21889,6.6417700e+03,1.0445885e+01,1.0310527e+03,3.8867810e+00,7.1241631e+03,1.1593583e+01,0,nan,nan,nan,nan,231.58517,1.1254718e-03,1461.21889,1.1582224e-03,-2.9036915e-02,-7.3644526e-02
0.5119465093325746,1.0013404574052858,0.001629544419041167,2602.1628265095114,-4.0303956e-04,989790,231.59093,1461.22301,6.6501274e+03,1.0451189e+01,1.0328606e+03,3.8873262e+00,7.1277700e+03,1.1599469e+01,0,nan,nan,nan,nan,231.59093,1.1215551e-03,1461.22301,1.1566349e-03,-2.4161927e-02,-6.7587785e-02
0.5133353972023544,0.9976348071915376,0.0016278351085942295,2602.164215397381,-4.0303997e-04,989791,231.58694,1461.22201,6.6253965e+03,1.0440437e+01,1.0347610e+03,3.8909423e+00,7.1015361e+03,1.1587537e+01,0,nan,nan,nan,nan,231.58694,1.1241436e-03,1461.22201,1.1595344e-03,-2.6598569e-02,-6.7679122e-02
0.5147242850707701,0.9994727268373385,0.001629751345258618,2602.1656042852496,-4.0304038e-04,989792,231.59406,1461.22516,6.6358203e+03,1.0452940e+01,1.0374753e+03,3.8965929e+00,7.1147637e+03,1.1601413e+01,0,nan,nan,nan,nan,231.59406,1.1240923e-03,1461.22516,1.1604870e-03,-1.8916517e-02,-6.5450795e-02
0.5161131729405499,1.0010762805599234,0.0016292839924711077,2602.1669931731194,-4.0304079e-04,989793,231.58241,1461.22019,6.6462305e+03,1.0450155e+01,1.0313411e+03,3.8894653e+00,7.1263242e+03,1.1598323e+01,0,nan,nan,nan,nan,231.58241,1.1242091e-03,1461.22019,1.1590251e-03,-3.1430967e-02,-7.5108059e-02
0.5175020608103298,0.9975729472642532,0.0016282530461789368,2602.168382060989,-4.0304119e-04,989794,231.58775,1461.22340,6.6238452e+03,1.0443755e+01,1.0342227e+03,3.8899336e+00,7.1015298e+03,1.1591220e+01,0,nan,nan,nan,nan,231.58775,1.1279943e-03,1461.22340,1.1617685e-03,-2.3148173e-02,-6.8032183e-02
0.5188909487078492,0.997804531376581,0.0016285473417583622,2602.1697709488867,-4.0304157e-04,989795,231.58442,1461.22592,6.6244517e+03,1.0445857e+01,1.0392731e+03,3.8975661e+00,7.1033242e+03,1.1593553e+01,0,nan,nan,nan,nan,231.58442,1.1249869e-03,1461.22592,1.1611704e-03,-2.9115481e-02,-6.6464022e-02
0.5202798365771744,0.9993382927291659,0.0016284933567981524,2602.171159836756,-4.0304198e-04,989796,231.58825,1461.21928,6.6364492e+03,1.0445725e+01,1.0346085e+03,3.8870063e+00,7.1143887e+03,1.1593407e+01,0,nan,nan,nan,nan,231.58825,1.1233912e-03,1461.21928,1.1596270e-03,-2.3454580e-02,-7.1923517e-02
0.521668724447409,0.9970264295520703,0.0016283064292704492,2602.1725487246263,-4.0304239e-04,989797,231.58495,1461.21977,6.6218164e+03,1.0444742e+01,1.0380974e+03,3.8928640e+00,7.0980767e+03,1.1592314e+01,0,nan,nan,nan,nan,231.58495,1.1262465e-03,1461.21977,1.1614914e-03,-2.8566735e-02,-7.0349865e-02
0.5230576123176436,0.9998374891943369,0.001628768264058083,2602.1739376124965,-4.0304280e-04,989798,231.58441,1461.22273,6.6402114e+03,1.0447920e+01,1.0322421e+03,3.8858171e+00,7.1182358e+03,1.1595841e+01,0,nan,nan,nan,nan,231.58441,1.1241540e-03,1461.22273,1.1607155e-03,-2.8475000e-02,-7.0555031e-02
0.524446500215163,1.0031681735550735,0.0016302999134074877,2602.175326500394,-4.0304317e-04,989799,231.59597,1461.22875,6.6623506e+03,1.0457960e+01,1.0277358e+03,3.8895156e+00,7.1420962e+03,1.1606986e+01,0,nan,nan,nan,nan,231.59597,1.1197748e-03,1461.22875,1.1565522e-03,-1.5997445e-02,-6.0721844e-02
0.5258353880849429,0.9998993001949735,0.0016291404731664202,2602.176715388264,-4.0304358e-04,989800,231.58196,1461.21918,6.6408867e+03,1.0450740e+01,1.0347450e+03,3.8894515e+00,7.1189712e+03,1.1598971e+01,0,nan,nan,nan,nan,231.58196,1.1241452e-03,1461.21918,1.1590224e-03,-3.0272659e-02,-7.2971590e-02
0.5272242759547228,1.0039341849425616,0.001630981474698639,2602.1781042761336,-4.0304399e-04,989801,231.58234,1461.21740,6.6655679e+03,1.0462767e+01,1.0361205e+03,3.8874257e+00,7.1478462e+03,1.1612320e+01,0,nan,nan,nan,nan,231.58234,1.1206717e-03,1461.21740,1.1564584e-03,-3.2351494e-02,-7.6213084e-02
0.5286131638522422,0.9992236483097148,0.0016285562611508097,2602.179493164031,-4.0304437e-04,989802,231.58568,1461.22036,6.6357095e+03,1.0447428e+01,1.0350692e+03,3.8868301e+00,7.1144565e+03,1.1595295e+01,0,nan,nan,nan,nan,231.58568,1.1261160e-03,1461.22036,1.1605478e-03,-2.8289467e-02,-7.0987254e-02
0.5300020517215673,0.9991599686546343,0.0016277943915912227,2602.1808820519004,-4.0304477e-04,989803,231.58815,1461.21689,6.6366504e+03,1.0442759e+01,1.0299884e+03,3.8839877e+00,7.1141514e+03,1.1590113e+01,0,nan,nan,nan,nan,231.58815,1.1241013e-03,1461.21689,1.1589589e-03,-2.7153909e-02,-7.5057872e-02
0.5313909395908925,0.9974045020231241,0.0016274969461977247,2602.1822709397698,-4.0304518e-04,989804,231.58962,1461.22037,6.6271377e+03,1.0441068e+01,1.0317396e+03,3.8869755e+00,7.1018013e+03,1.1588237e+01,0,nan,nan,nan,nan,231.58962,1.1260493e-03,1461.22037,1.1609657e-03,-2.4704726e-02,-7.0179485e-02
0.5327798274893214,1.0025879185818267,0.0016296615704318633,2602.183659827668,-4.0304556e-04,989805,231.58891,1461.22222,6.6582275e+03,1.0455174e+01,1.0247677e+03,3.8803062e+00,7.1388584e+03,1.1603893e+01,0,nan,nan,nan,nan,231.58891,1.1216869e-03,1461.22222,1.1558465e-03,-2.4462584e-02,-6.9460705e-02
0.5341687153586465,1.0010417937673228,0.0016312269843445084,2602.1850487155375,-4.0304597e-04,989806,231.58692,1461.22134,6.6476865e+03,1.0465438e+01,1.0394791e+03,3.9071031e+00,7.1279995e+03,1.1615284e+01,0,nan,nan,nan,nan,231.58692,1.1247100e-03,1461.22134,1.1583382e-03,-2.6732510e-02,-6.6983886e-02
0.5355576032570755,1.0009880978881158,0.0016309572135483497,2602.186437603436,-4.0304635e-04,989807,231.58807,1461.21772,6.6511484e+03,1.0463928e+01,1.0347471e+03,3.8953006e+00,7.1277671e+03,1.1613608e+01,0,nan,nan,nan,nan,231.58807,1.1230726e-03,1461.21772,1.1585723e-03,-2.5019653e-02,-7.4166633e-02
0.5369464911264006,1.0007684919340207,0.0016285954238621488,2602.1878264913053,-4.0304675e-04,989808,231.59027,1461.22543,6.6458555e+03,1.0448997e+01,1.0282476e+03,3.8831511e+00,7.1263545e+03,1.1597036e+01,0,nan,nan,nan,nan,231.59027,1.1227357e-03,1461.22543,1.1579174e-03,-2.3738621e-02,-6.5300047e-02
