time,flux,flux_err,time_original,timecorr,cadenceno,centroid_col,centroid_row,sap_flux,sap_flux_err,sap_bkg,sap_bkg_err,pdcsap_flux,pdcsap_flux_err,quality,psf_centr1,psf_centr1_err,psf_centr2,psf_centr2_err,mom_centr1,mom_centr1_err,mom_centr2,mom_centr2_err,pos_corr1,pos_corr2
-0.18571663894272206,1.0017255814351445,0.0012398322374827723,1510.1870643609227,2.5277454e-03,203565,2002.54665,1729.77830,1.0586995e+04,1.2640700e+01,1.3918114e+03,4.1454558e+00,1.1516493e+04,1.4253924e+01,0,nan,nan,nan,nan,2002.54665,8.8764832e-04,1729.77830,8.7727990e-04,-1.2156954e-02,-2.7703542e-02
-0.18432775365931775,0.999628712782556,0.0012392479896478738,1510.188453246206,2.5277424e-03,203566,2002.54652,1729.77363,1.0561515e+04,1.2634311e+01,1.3958610e+03,4.1593270e+00,1.1491993e+04,1.4246719e+01,0,nan,nan,nan,nan,2002.54652,8.8796346e-04,1729.77363,8.8046887e-04,-1.2085276e-02,-3.1276342e-02
-0.18293886837614082,0.9988119579100191,0.0012390423313187239,1510.1898421314893,2.5277394e-03,203567,2002.54447,1729.77556,1.0562685e+04,1.2631803e+01,1.3982062e+03,4.1488686e+00,1.1482229e+04,1.4243891e+01,0,nan,nan,nan,nan,2002.54447,8.8779721e-04,1729.77556,8.7930384e-04,-1.4992151e-02,-3.0787580e-02
-0.1815499830920544,1.0028515755901404,0.0012409424416667811,1510.1912310167734,2.5277364e-03,203568,2002.54944,1729.77887,1.0603511e+04,1.2650781e+01,1.3937249e+03,4.1446877e+00,1.1528311e+04,1.4265291e+01,0,nan,nan,nan,nan,2002.54944,8.8569481e-04,1729.77887,8.7713165e-04,-1.1214316e-02,-2.8669756e-02
-0.1801610980417081,1.0005826207945387,0.0012398227046277353,1510.1926199018237,2.5277331e-03,203569,2002.54311,1729.77619,1.0574175e+04,1.2638992e+01,1.3986760e+03,4.1483774e+00,1.1501889e+04,1.4251998e+01,0,nan,nan,nan,nan,2002.54311,8.8870776e-04,1729.77619,8.7952329e-04,-1.4489065e-02,-3.1145349e-02
-0.17877221275898592,0.9990333845558886,0.0012393424524663457,1510.1940087871064,2.5277301e-03,203570,2002.54204,1729.77532,1.0558938e+04,1.2633741e+01,1.3988223e+03,4.1495233e+00,1.1483758e+04,1.4246078e+01,0,nan,nan,nan,nan,2002.54204,8.8930811e-04,1729.77532,8.8009133e-04,-1.5360901e-02,-3.1955864e-02
-0.17738332747512686,0.9990545576505586,0.0012386792833817832,1510.1953976723903,2.5277270e-03,203571,2002.54649,1729.77306,1.0555421e+04,1.2626647e+01,1.3947876e+03,4.1404934e+00,1.1483695e+04,1.4238077e+01,0,nan,nan,nan,nan,2002.54649,8.8792911e-04,1729.77306,8.8094239e-04,-1.2380966e-02,-3.3880599e-02
-0.17599444242409845,0.9989241935173262,0.001238684840308412,1510.1967865574413,2.5277238e-03,203572,2002.54436,1729.78027,1.0550192e+04,1.2626385e+01,1.3947777e+03,4.1445746e+00,1.1481909e+04,1.4237782e+01,0,nan,nan,nan,nan,2002.54436,8.8892732e-04,1729.78027,8.8105124e-04,-1.6234329e-02,-2.4412796e-02
-0.17460555714137627,0.9980894517761253,0.001238960629139844,1510.198175442724,2.5277208e-03,203573,2002.54765,1729.77452,1.0544830e+04,1.2628899e+01,1.4012095e+03,4.1500010e+00,1.1472041e+04,1.4240616e+01,0,nan,nan,nan,nan,2002.54765,8.8910834e-04,1729.77452,8.8151125e-04,-1.1860556e-02,-3.2525528e-02
-0.17321667209102998,1.0005877322666543,0.0012402654297272503,1510.1995643277744,2.5277175e-03,203574,2002.54973,1729.77778,1.0577727e+04,1.2641913e+01,1.3907852e+03,4.1451459e+00,1.1500498e+04,1.4255293e+01,0,nan,nan,nan,nan,2002.54973,8.8733219e-04,1729.77778,8.7988708e-04,-1.0647297e-02,-2.9062005e-02
-0.17182778680694355,0.9996361466676774,0.0012393093761607756,1510.2009532130585,2.5277145e-03,203575,2002.54521,1729.77175,1.0565686e+04,1.2631901e+01,1.3942837e+03,4.1439128e+00,1.1489319e+04,1.4244002e+01,0,nan,nan,nan,nan,2002.54521,8.8679913e-04,1729.77175,8.7981171e-04,-1.4073729e-02,-3.4801312e-02
-0.17043890152376662,0.9978492717818321,0.0012397157969534513,1510.2023420983417,2.5277114e-03,203576,2002.54899,1729.78116,1.0548065e+04,1.2635793e+01,1.4037939e+03,4.1495299e+00,1.1468553e+04,1.4248391e+01,0,nan,nan,nan,nan,2002.54899,8.8997657e-04,1729.78116,8.7969418e-04,-1.2698071e-02,-2.4244158e-02
-0.16905001647387508,1.0002326548286682,0.0012397480526657187,1510.2037309833916,2.5277082e-03,203577,2002.54639,1729.77833,1.0570615e+04,1.2635885e+01,1.3958789e+03,4.1524272e+00,1.1495730e+04,1.4248495e+01,0,nan,nan,nan,nan,2002.54639,8.8713452e-04,1729.77833,8.7888137e-04,-1.3905588e-02,-2.7726891e-02
-0.16766113119069814,0.9988288753677999,0.0012400009307922779,1510.2051198686747,2.5277052e-03,203578,2002.54589,1729.77272,1.0560828e+04,1.2638240e+01,1.4017303e+03,4.1465211e+00,1.1479396e+04,1.4251150e+01,0,nan,nan,nan,nan,2002.54589,8.8952103e-04,1729.77272,8.7967439e-04,-1.1605984e-02,-3.3752915e-02
-0.16627224614012448,0.9968816003828692,0.001238440456883456,1510.2065087537253,2.5277019e-03,203579,2002.54339,1729.77888,1.0538937e+04,1.2622129e+01,1.4003160e+03,4.1465387e+00,1.1456827e+04,1.4232984e+01,0,nan,nan,nan,nan,2002.54339,8.8905339e-04,1729.77888,8.8044099e-04,-1.5935784e-02,-2.7515190e-02
-0.16488336085672017,1.0016486236128321,0.0012404650439601967,1510.2078976390087,2.5276989e-03,203580,2002.54815,1729.77433,1.0590388e+04,1.2642570e+01,1.3943434e+03,4.1446209e+00,1.1511438e+04,1.4256032e+01,0,nan,nan,nan,nan,2002.54815,8.8600843e-04,1729.77433,8.7812485e-04,-1.0987676e-02,-3.0301493e-02
-0.16349447557286112,1.0006460543768605,0.001239868376075172,1510.2092865242926,2.5276958e-03,203581,2002.54539,1729.77985,1.0575003e+04,1.2636307e+01,1.3955088e+03,4.1519570e+00,1.1499749e+04,1.4248971e+01,0,nan,nan,nan,nan,2002.54539,8.8805362e-04,1729.77985,8.7815488e-04,-1.5149252e-02,-2.6661258e-02
-0.16210559052228746,1.002596193396849,0.0012408191599240078,1510.2106754093431,2.5276926e-03,203582,2002.54633,1729.77198,1.0593715e+04,1.2645828e+01,1.3910852e+03,4.1487608e+00,1.1522008e+04,1.4259707e+01,0,nan,nan,nan,nan,2002.54633,8.8544044e-04,1729.77198,8.7928359e-04,-1.2262601e-02,-3.4525514e-02
-0.16071670523979265,1.000557704212511,0.0012396567098339958,1510.2120642946256,2.5276896e-03,203583,2002.54540,1729.77932,1.0572851e+04,1.2633824e+01,1.3946506e+03,4.1455603e+00,1.1498438e+04,1.4246171e+01,0,nan,nan,nan,nan,2002.54540,8.8838115e-04,1729.77932,8.7835424e-04,-1.3378437e-02,-2.7164444e-02
-0.15932782018876424,1.001571767895076,0.0012403219736618922,1510.2134531796767,2.5276863e-03,203584,2002.54548,1729.77546,1.0584875e+04,1.2640459e+01,1.3969196e+03,4.1452556e+00,1.1509960e+04,1.4253653e+01,0,nan,nan,nan,nan,2002.54548,8.8671391e-04,1729.77546,8.7880302e-04,-1.2627548e-02,-3.0684337e-02
-0.1579389349046778,1.0029301071285783,0.0012415725153253837,1510.2148420649607,2.5276833e-03,203585,2002.54243,1729.77426,1.0598757e+04,1.2653069e+01,1.3977808e+03,4.1498337e+00,1.1525446e+04,1.4267871e+01,0,nan,nan,nan,nan,2002.54243,8.8744162e-04,1729.77426,8.7773288e-04,-1.6798025e-02,-3.3966918e-02
-0.15655004985478627,0.9999595757489351,0.0012392246822439524,1510.2162309500106,2.5276800e-03,203586,2002.54603,1729.77791,1.0564027e+04,1.2629019e+01,1.3921401e+03,4.1431432e+00,1.1491196e+04,1.4240751e+01,0,nan,nan,nan,nan,2002.54603,8.8780711e-04,1729.77791,8.7925023e-04,-1.2967186e-02,-2.6809422e-02
-0.15516116457160933,0.999777944961201,0.0012397090845099883,1510.2176198352938,2.5276770e-03,203587,2002.55069,1729.78150,1.0566093e+04,1.2633840e+01,1.3958325e+03,4.1460729e+00,1.1489006e+04,1.4246187e+01,0,nan,nan,nan,nan,2002.55069,8.8730699e-04,1729.78150,8.7881816e-04,-1.0255636e-02,-2.1419132e-02
-0.15377227952035355,0.9991566034254757,0.0012398921059697371,1510.219008720345,2.5276737e-03,203588,2002.54493,1729.77368,1.0557132e+04,1.2635599e+01,1.3969750e+03,4.1488013e+00,1.1481769e+04,1.4248172e+01,0,nan,nan,nan,nan,2002.54493,8.8991801e-04,1729.77368,8.8138395e-04,-1.5880294e-02,-3.2348029e-02
-0.15238339423717662,0.9997956752537125,0.001239064717445604,1510.2203976056282,2.5276707e-03,203589,2002.54521,1729.77989,1.0552762e+04,1.2627069e+01,1.3971940e+03,4.1468201e+00,1.1489024e+04,1.4238554e+01,0,nan,nan,nan,nan,2002.54521,8.8858523e-04,1729.77989,8.8076730e-04,-1.3889499e-02,-2.4674440e-02
-0.15099450918728508,0.999985596771226,0.0012401786727427512,1510.2217864906781,2.5276674e-03,203590,2002.54872,1729.77703,1.0571542e+04,1.2638331e+01,1.3972500e+03,4.1531758e+00,1.1491125e+04,1.4251253e+01,0,nan,nan,nan,nan,2002.54872,8.8725361e-04,1729.77703,8.7998260e-04,-9.9363765e-03,-2.7933113e-02
-0.1496056241369388,0.9986198541701617,0.00123931124208244,1510.2231753757285,2.5276642e-03,203591,2002.54737,1729.77716,1.0558629e+04,1.2629412e+01,1.3952627e+03,4.1450968e+00,1.1475357e+04,1.4241195e+01,0,nan,nan,nan,nan,2002.54737,8.8800321e-04,1729.77716,8.7870820e-04,-1.3101169e-02,-2.8992604e-02
-0.14821673885285236,0.9989461018947117,0.0012411524241472528,1510.2245642610126,2.5276612e-03,203592,2002.54880,1729.77539,1.0552079e+04,1.2648099e+01,1.4054810e+03,4.1700482e+00,1.1479038e+04,1.4262267e+01,0,nan,nan,nan,nan,2002.54880,8.8925561e-04,1729.77539,8.8248000e-04,-1.0840282e-02,-2.9171051e-02
-0.14682785380250607,1.0022248269759912,0.0012411211982865183,1510.225953146063,2.5276579e-03,203593,2002.54559,1729.77651,1.0586244e+04,1.2647714e+01,1.4015686e+03,4.1554589e+00,1.1516651e+04,1.4261832e+01,0,nan,nan,nan,nan,2002.54559,8.8711671e-04,1729.77651,8.7856746e-04,-1.3626489e-02,-2.6653206e-02
-0.14543896851932914,1.0003535441938953,0.0012402782595379125,1510.227342031346,2.5276549e-03,203594,2002.54688,1729.77637,1.0576840e+04,1.2639060e+01,1.3972826e+03,4.1463132e+00,1.1495093e+04,1.4252075e+01,0,nan,nan,nan,nan,2002.54688,8.8761910e-04,1729.77637,8.7875512e-04,-1.1768581e-02,-2.9716656e-02
-0.14405008346875547,1.0002303274513835,0.0012397094559375718,1510.2287309163967,2.5276516e-03,203595,2002.54598,1729.77563,1.0567112e+04,1.2633207e+01,1.3961017e+03,4.1457238e+00,1.1493625e+04,1.4245476e+01,0,nan,nan,nan,nan,2002.54598,8.8799535e-04,1729.77563,8.7989733e-04,-1.3339246e-02,-3.0678065e-02
-0.14266119818626066,0.998800949620714,0.001239572831126969,1510.2301198016792,2.5276486e-03,203596,2002.54865,1729.77965,1.0554286e+04,1.2631763e+01,1.4019509e+03,4.1499186e+00,1.1477153e+04,1.4243846e+01,0,nan,nan,nan,nan,2002.54865,8.8866852e-04,1729.77965,8.7959849e-04,-1.2556956e-02,-2.4299154e-02
-0.14127231313500488,1.0015778284157686,0.0012412041584869639,1510.2315086867304,2.5276453e-03,203597,2002.54829,1729.77736,1.0586683e+04,1.2648339e+01,1.4011403e+03,4.1512370e+00,1.1509019e+04,1.4262538e+01,0,nan,nan,nan,nan,2002.54829,8.8671519e-04,1729.77736,8.7900896e-04,-1.1478375e-02,-2.7490934e-02
-0.1398834280837491,0.9990734106587551,0.0012390865499975088,1510.2328975717817,2.5276421e-03,203598,2002.54640,1729.77688,1.0553754e+04,1.2626716e+01,1.3951437e+03,4.1424890e+00,1.1480202e+04,1.4238156e+01,0,nan,nan,nan,nan,2002.54640,8.8844675e-04,1729.77688,8.8080816e-04,-1.2328430e-02,-2.9132718e-02
-0.13849454280125428,0.9972547296890063,0.001238995379636502,1510.2342864570642,2.5276390e-03,203599,2002.54861,1729.78803,1.0538959e+04,1.2625749e+01,1.3958737e+03,4.1430993e+00,1.1459268e+04,1.4237065e+01,0,nan,nan,nan,nan,2002.54861,8.9000043e-04,1729.78803,8.8009035e-04,-1.1077609e-02,-1.6967127e-02
-0.13710565775068062,1.000096298781915,0.0012400647690044364,1510.2356753421147,2.5276358e-03,203600,2002.53993,1729.76866,1.0566003e+04,1.2636608e+01,1.3986581e+03,4.1469979e+00,1.1491887e+04,1.4249311e+01,0,nan,nan,nan,nan,2002.53993,8.8872615e-04,1729.76866,8.8073750e-04,-1.8162269e-02,-4.0480975e-02
-0.1357167726996522,1.000252649947201,0.0012398597042151838,1510.2370642271658,2.5276325e-03,203601,2002.54552,1729.77823,1.0569528e+04,1.2634485e+01,1.3953114e+03,4.1426973e+00,1.1493652e+04,1.4246917e+01,0,nan,nan,nan,nan,2002.54552,8.8837469e-04,1729.77823,8.8036287e-04,-1.3425773e-02,-2.7420359e-02
-0.1343278874162479,1.0004862570465485,0.001240392262418529,1510.2384531124492,2.5276295e-03,203602,2002.54548,1729.77926,1.0577437e+04,1.2639881e+01,1.3913094e+03,4.1487079e+00,1.1496309e+04,1.4253001e+01,0,nan,nan,nan,nan,2002.54548,8.8730466e-04,1729.77926,8.7829214e-04,-1.3880450e-02,-2.5555236e-02
-0.13293900236590162,1.0012384329154371,0.0012401220959343902,1510.2398419974995,2.5276262e-03,203603,2002.55008,1729.76971,1.0578063e+04,1.2637100e+01,1.3976932e+03,4.1475368e+00,1.1504924e+04,1.4249865e+01,0,nan,nan,nan,nan,2002.55008,8.8672683e-04,1729.76971,8.8033109e-04,-8.8461963e-03,-3.7001707e-02
-0.13155011731555533,1.0020049077794528,0.0012413327240670085,1510.2412308825499,2.5276230e-03,203604,2002.54550,1729.77496,1.0592484e+04,1.2649407e+01,1.4000498e+03,4.1528473e+00,1.1513706e+04,1.4263742e+01,0,nan,nan,nan,nan,2002.54550,8.8683655e-04,1729.77496,8.7783713e-04,-1.4488306e-02,-3.2874290e-02
-0.13016123226498166,0.9987405462967077,0.0012389484377672455,1510.2426197676004,2.5276197e-03,203605,2002.54413,1729.78052,1.0545466e+04,1.2625085e+01,1.4009542e+03,4.1452022e+00,1.1476172e+04,1.4236317e+01,0,nan,nan,nan,nan,2002.54413,8.8893849e-04,1729.78052,8.7999203e-04,-1.5691539e-02,-2.3464892e-02
-0.12877234698157736,0.9989653322362386,0.0012397985631494002,1510.2440086528838,2.5276167e-03,203606,2002.54941,1729.77578,1.0554131e+04,1.2633721e+01,1.4040287e+03,4.1515326e+00,1.1478731e+04,1.4246055e+01,0,nan,nan,nan,nan,2002.54941,8.8850042e-04,1729.77578,8.7961945e-04,-1.0311400e-02,-3.0052688e-02
-0.12738346193123107,1.0000090353334623,0.0012394862504552747,1510.2453975379342,2.5276134e-03,203607,2002.54222,1729.77794,1.0562708e+04,1.2630513e+01,1.3944899e+03,4.1465068e+00,1.1490701e+04,1.4242436e+01,0,nan,nan,nan,nan,2002.54222,8.8842714e-04,1729.77794,8.7903673e-04,-1.7300572e-02,-2.7570518e-02
-0.12599457688088478,1.0009355656781724,0.0012397405303850913,1510.2467864229845,2.5276102e-03,203608,2002.54820,1729.77666,1.0576438e+04,1.2633079e+01,1.3965437e+03,4.1405172e+00,1.1501324e+04,1.4245331e+01,0,nan,nan,nan,nan,2002.54820,8.8762690e-04,1729.77666,8.7836751e-04,-9.3851825e-03,-2.9088851e-02
-0.12460569159748047,1.0001723916305518,0.0012403986714375553,1510.248175308268,2.5276071e-03,203609,2002.54485,1729.77809,1.0562205e+04,1.2639759e+01,1.3999354e+03,4.1590400e+00,1.1492531e+04,1.4252864e+01,0,nan,nan,nan,nan,2002.54485,8.8845729e-04,1729.77809,8.8001398e-04,-1.4882240e-02,-2.8351601e-02
-0.12321680654645206,1.0009514994052677,0.0012396631679666235,1510.249564193319,2.5276039e-03,203610,2002.54550,1729.77766,1.0569155e+04,1.2632239e+01,1.3923386e+03,4.1419830e+00,1.1501460e+04,1.4244383e+01,0,nan,nan,nan,nan,2002.54550,8.8790624e-04,1729.77766,8.7841268e-04,-1.3556030e-02,-2.9136000e-02
-0.1218279214958784,0.9991951226921888,0.0012409149335932236,1510.2509530783695,2.5276006e-03,203611,2002.54816,1729.77619,1.0560262e+04,1.2644966e+01,1.4002844e+03,4.1619000e+00,1.1481253e+04,1.4258735e+01,0,nan,nan,nan,nan,2002.54816,8.8895217e-04,1729.77619,8.8213466e-04,-1.2838264e-02,-2.8182913e-02
-0.12043903644621423,0.9994318959114559,0.0012410105712132274,1510.2523419634192,2.5275974e-03,203612,2002.54518,1729.77375,1.0564197e+04,1.2645913e+01,1.4039891e+03,4.1565509e+00,1.1483947e+04,1.4259802e+01,0,nan,nan,nan,nan,2002.54518,8.8985724e-04,1729.77375,8.8088139e-04,-1.5715890e-02,-3.4279164e-02
-0.11905015139564057,1.0010713433025469,0.0012403696446312258,1510.2537308484698,2.5275941e-03,203613,2002.54513,1729.77654,1.0580598e+04,1.2639352e+01,1.4012090e+03,4.1471152e+00,1.1502760e+04,1.4252404e+01,0,nan,nan,nan,nan,2002.54513,8.8728347e-04,1729.77654,8.7812275e-04,-1.5113075e-02,-3.0036675e-02
-0.11766126611178152,0.9997959593075186,0.0012400460415212138,1510.2551197337536,2.5275911e-03,203614,2002.54562,1729.77822,1.0568063e+04,1.2636023e+01,1.3949825e+03,4.1473866e+00,1.1488075e+04,1.4248650e+01,0,nan,nan,nan,nan,2002.54562,8.8821206e-04,1729.77822,8.7948691e-04,-1.4287151e-02,-2.5934024e-02
-0.11627238106120785,0.9998485287326254,0.0012412311807464577,1510.2565086188042,2.5275878e-03,203615,2002.54618,1729.77258,1.0558494e+04,1.2648066e+01,1.3944050e+03,4.1631160e+00,1.1488649e+04,1.4262230e+01,0,nan,nan,nan,nan,2002.54618,8.9162285e-04,1729.77258,8.8206487e-04,-1.2616983e-02,-3.4374535e-02
-0.11488349601063419,0.999846345862237,0.0012397054141155375,1510.2578975038548,2.5275846e-03,203616,2002.54461,1729.77830,1.0563829e+04,1.2632483e+01,1.3959948e+03,4.1436300e+00,1.1488592e+04,1.4244658e+01,0,nan,nan,nan,nan,2002.54461,8.8757271e-04,1729.77830,8.8012766e-04,-1.4406460e-02,-2.7483840e-02
-0.1134946109602879,1.0004911615962608,0.0012403093820096364,1510.2592863889051,2.5275813e-03,203617,2002.54915,1729.77681,1.0571957e+04,1.2638599e+01,1.3977585e+03,4.1449718e+00,1.1495966e+04,1.4251554e+01,0,nan,nan,nan,nan,2002.54915,8.8815973e-04,1729.77681,8.8007789e-04,-1.0708367e-02,-2.4371997e-02
-0.11210572590994161,0.9991908611818814,0.0012393349963231413,1510.2606752739555,2.5275780e-03,203618,2002.54358,1729.77726,1.0546215e+04,1.2628630e+01,1.3973514e+03,4.1568894e+00,1.1480988e+04,1.4240314e+01,0,nan,nan,nan,nan,2002.54358,8.8912953e-04,1729.77726,8.8045874e-04,-1.6825596e-02,-2.7820071e-02
-0.11071684085936795,0.9995797095746982,0.001240381031834991,1510.262064159006,2.5275748e-03,203619,2002.54787,1729.77415,1.0572363e+04,1.2639245e+01,1.3973145e+03,4.1541634e+00,1.1485417e+04,1.4252284e+01,0,nan,nan,nan,nan,2002.54787,8.8708859e-04,1729.77415,8.7877706e-04,-1.1682669e-02,-3.3493411e-02
-0.10932795580879429,0.9980418619935787,0.0012386909538975683,1510.2634530440566,2.5275715e-03,203620,2002.54712,1729.77652,1.0539528e+04,1.2621978e+01,1.3995194e+03,4.1481705e+00,1.1467704e+04,1.4232813e+01,0,nan,nan,nan,nan,2002.54712,8.8908698e-04,1729.77652,8.8083430e-04,-1.3198884e-02,-3.0862400e-02
-0.10793907052561735,1.002284642542643,0.0012408112553799618,1510.2648419293398,2.5275685e-03,203621,2002.54900,1729.77785,1.0590501e+04,1.2643533e+01,1.3976406e+03,4.1448679e+00,1.1516409e+04,1.4257119e+01,0,nan,nan,nan,nan,2002.54900,8.8680041e-04,1729.77785,8.7818172e-04,-1.0827231e-02,-2.7712345e-02
-0.10655018547527106,1.0011427851120636,0.0012407870989169618,1510.2662308143902,2.5275652e-03,203622,2002.54720,1729.77799,1.0573604e+04,1.2643233e+01,1.3940673e+03,4.1457214e+00,1.1503241e+04,1.4256782e+01,0,nan,nan,nan,nan,2002.54720,8.8735059e-04,1729.77799,8.8040985e-04,-1.3924890e-02,-2.6254682e-02
-0.10516130042401528,1.0000957827030468,0.0012398659779459067,1510.2676196994414,2.5275620e-03,203623,2002.54618,1729.77033,1.0566196e+04,1.2633792e+01,1.3974143e+03,4.1439219e+00,1.1491161e+04,1.4246135e+01,0,nan,nan,nan,nan,2002.54618,8.8803336e-04,1729.77033,8.7991479e-04,-1.3839663e-02,-3.8750384e-02
-0.10377241537366899,0.9998611253462021,0.0012400692538973835,1510.2690085844918,2.5275587e-03,203624,2002.54850,1729.77977,1.0563717e+04,1.2635804e+01,1.3986285e+03,4.1469407e+00,1.1488411e+04,1.4248405e+01,0,nan,nan,nan,nan,2002.54850,8.8865223e-04,1729.77977,8.7991846e-04,-1.0163405e-02,-2.5633890e-02
-0.10238353032377745,0.9977259267987852,0.0012387291310233235,1510.2703974695416,2.5275555e-03,203625,2002.54480,1729.77779,1.0531698e+04,1.2622087e+01,1.3986039e+03,4.1463962e+00,1.1463820e+04,1.4232936e+01,0,nan,nan,nan,nan,2002.54480,8.9094276e-04,1729.77779,8.8194909e-04,-1.4386403e-02,-2.6485795e-02
-0.10099464527343116,0.9987635734844993,0.0012400021531607053,1510.271786354592,2.5275522e-03,203626,2002.55018,1729.78098,1.0558877e+04,1.2634992e+01,1.4014396e+03,4.1470947e+00,1.1475683e+04,1.4247487e+01,0,nan,nan,nan,nan,2002.55018,8.8871445e-04,1729.78098,8.7939412e-04,-8.3777485e-03,-2.3351772e-02
-0.09960576022217538,0.999585634466926,0.0012400041685058972,1510.2731752396433,2.5275489e-03,203627,2002.54687,1729.77840,1.0555031e+04,1.2634941e+01,1.3932509e+03,4.1457944e+00,1.1485064e+04,1.4247431e+01,0,nan,nan,nan,nan,2002.54687,8.8861771e-04,1729.77840,8.8020304e-04,-1.3631636e-02,-2.7985636e-02
-0.09821687517182909,1.0006629757727639,0.001239728121012109,1510.2745641246936,2.5275457e-03,203628,2002.54683,1729.77862,1.0572542e+04,1.2632055e+01,1.3904999e+03,4.1400094e+00,1.1497375e+04,1.4244176e+01,0,nan,nan,nan,nan,2002.54683,8.8779273e-04,1729.77862,8.7872514e-04,-1.1111359e-02,-2.5365146e-02
-0.09682799012125543,0.9986062438857053,0.0012400576026897537,1510.2759530097442,2.5275424e-03,203629,2002.54820,1729.77527,1.0550132e+04,1.2635334e+01,1.3995171e+03,4.1552472e+00,1.1473673e+04,1.4247873e+01,0,nan,nan,nan,nan,2002.54820,8.8900450e-04,1729.77527,8.8148314e-04,-1.1204347e-02,-3.0039461e-02
-0.09543910507068176,0.9977746847120752,0.001239174002148778,1510.2773418947947,2.5275392e-03,203630,2002.54382,1729.77261,1.0533384e+04,1.2626248e+01,1.3925787e+03,4.1484265e+00,1.1464044e+04,1.4237628e+01,0,nan,nan,nan,nan,2002.54382,8.9020812e-04,1729.77261,8.8330859e-04,-1.5878065e-02,-3.4479663e-02
-0.09405022002033547,0.998766446385731,0.0012393960314330738,1510.278730779845,2.5275359e-03,203631,2002.53987,1729.77445,1.0552354e+04,1.2628426e+01,1.3972065e+03,4.1548467e+00,1.1475361e+04,1.4240083e+01,0,nan,nan,nan,nan,2002.53987,8.8916795e-04,1729.77445,8.8059995e-04,-1.9526165e-02,-3.3943295e-02
-0.09266133496907969,1.000957226554075,0.001240362543315588,1510.2801196648963,2.5275326e-03,203632,2002.54759,1729.77713,1.0563650e+04,1.2638185e+01,1.3975564e+03,4.1518335e+00,1.1500451e+04,1.4251087e+01,0,nan,nan,nan,nan,2002.54759,8.8840420e-04,1729.77713,8.8126899e-04,-1.1234278e-02,-2.7742863e-02
-0.0912724499187334,1.0022664569956767,0.0012402133496002335,1510.2815085499467,2.5275294e-03,203633,2002.54106,1729.77337,1.0576294e+04,1.2636570e+01,1.3932841e+03,4.1446614e+00,1.1515408e+04,1.4249268e+01,0,nan,nan,nan,nan,2002.54106,8.8796212e-04,1729.77337,8.8088890e-04,-1.6732054e-02,-3.0849451e-02
-0.08988356486884186,1.0005374288580564,0.00124027304509202,1510.2828974349966,2.5275261e-03,203634,2002.54855,1729.77880,1.0574040e+04,1.2637081e+01,1.3965336e+03,4.1426158e+00,1.1495454e+04,1.4249844e+01,0,nan,nan,nan,nan,2002.54855,8.8729843e-04,1729.77880,8.7813148e-04,-1.0126457e-02,-2.6021764e-02
-0.08849467981849557,1.0020455518834412,0.0012407081413760906,1510.284286320047,2.5275229e-03,203635,2002.54535,1729.78137,1.0592569e+04,1.2641414e+01,1.3906246e+03,4.1410351e+00,1.1512689e+04,1.4254728e+01,0,nan,nan,nan,nan,2002.54535,8.8696840e-04,1729.78137,8.7713177e-04,-1.3741487e-02,-2.2620009e-02
-0.08710579476723979,1.002939527795874,0.0012412648621200452,1510.2856752050982,2.5275196e-03,203636,2002.54656,1729.77198,1.0602906e+04,1.2646981e+01,1.3937252e+03,4.1422691e+00,1.1522864e+04,1.4261006e+01,0,nan,nan,nan,nan,2002.54656,8.8538387e-04,1729.77198,8.7855459e-04,-1.1615656e-02,-3.3061985e-02
-0.0857169097168935,0.9998881560890245,0.0012402870379305054,1510.2870640901485,2.5275163e-03,203637,2002.54626,1729.77819,1.0567380e+04,1.2636910e+01,1.4002327e+03,4.1492262e+00,1.1487709e+04,1.4249651e+01,0,nan,nan,nan,nan,2002.54626,8.8798482e-04,1729.77819,8.7810500e-04,-1.3803530e-02,-2.8007438e-02
-0.08432802466700196,0.9998107662761446,0.0012406296828189132,1510.2884529751984,2.5275131e-03,203638,2002.54569,1729.78019,1.0558733e+04,1.2640288e+01,1.4024949e+03,4.1522708e+00,1.1486718e+04,1.4253460e+01,0,nan,nan,nan,nan,2002.54569,8.8895462e-04,1729.78019,8.8121981e-04,-1.2357252e-02,-2.4845656e-02
-0.08293913961597355,0.9971971259838418,0.001238993811738656,1510.2898418602495,2.5275098e-03,203639,2002.54652,1729.77541,1.0526793e+04,1.2623505e+01,1.4036703e+03,4.1496496e+00,1.1456585e+04,1.4234535e+01,0,nan,nan,nan,nan,2002.54652,8.9102745e-04,1729.77541,8.8178721e-04,-1.1262756e-02,-2.9977348e-02
-0.08155025456494513,0.9974498551543498,0.001238805473871181,1510.2912307453005,2.5275066e-03,203640,2002.54741,1729.77933,1.0526054e+04,1.2621468e+01,1.4032185e+03,4.1508031e+00,1.1459380e+04,1.4232237e+01,0,nan,nan,nan,nan,2002.54741,8.8991958e-04,1729.77933,8.8259642e-04,-1.3245278e-02,-2.3578305e-02
-0.0801613695150536,0.9994833769825962,0.0012399453092998291,1510.2926196303504,2.5275033e-03,203641,2002.54707,1729.77454,1.0559540e+04,1.2632958e+01,1.3953462e+03,4.1462402e+00,1.1482631e+04,1.4245194e+01,0,nan,nan,nan,nan,2002.54707,8.8923960e-04,1729.77454,8.8006724e-04,-1.1181716e-02,-3.2749292e-02
-0.07877248469753795,1.000527519066627,0.0012402613796722352,1510.294008515168,2.5274998e-03,203642,2002.54580,1729.77971,1.0571048e+04,1.2636054e+01,1.3986185e+03,4.1459007e+00,1.1494512e+04,1.4248684e+01,0,nan,nan,nan,nan,2002.54580,8.8781537e-04,1729.77971,8.7920768e-04,-1.4839046e-02,-2.2243790e-02
-0.07738359964696429,0.9994948431629676,0.001240578812639882,1510.2953974002185,2.5274965e-03,203643,2002.54516,1729.77814,1.0557200e+04,1.2639156e+01,1.3987379e+03,4.1518874e+00,1.1482531e+04,1.4252184e+01,0,nan,nan,nan,nan,2002.54516,8.8864454e-04,1729.77814,8.8144955e-04,-1.2988008e-02,-2.7443541e-02
-0.07599471459639062,0.9997109623185771,0.0012405913125851733,1510.296786285269,2.5274933e-03,203644,2002.54809,1729.77802,1.0565230e+04,1.2639153e+01,1.4001824e+03,4.1598558e+00,1.1484894e+04,1.4252179e+01,0,nan,nan,nan,nan,2002.54809,8.8835863e-04,1729.77802,8.8004046e-04,-1.1568693e-02,-2.7460558e-02
-0.07460582954536221,1.0019661945716805,0.0012401647978253529,1510.29817517032,2.5274900e-03,203645,2002.54729,1729.77577,1.0583920e+04,1.2634671e+01,1.3863624e+03,4.1382422e+00,1.1510681e+04,1.4247127e+01,0,nan,nan,nan,nan,2002.54729,8.8699069e-04,1729.77577,8.7812252e-04,-1.2717661e-02,-2.9543044e-02
-0.07321694449478855,1.001001273938398,0.0012412745292006396,1510.2995640553706,2.5274868e-03,203646,2002.54641,1729.77740,1.0572562e+04,1.2645840e+01,1.3976908e+03,4.1599050e+00,1.1499469e+04,1.4259720e+01,0,nan,nan,nan,nan,2002.54641,8.8778121e-04,1729.77740,8.7994500e-04,-1.3776337e-02,-2.7234865e-02
-0.07182805944512438,1.0031155401628489,0.0012416977057478106,1510.3009529404203,2.5274835e-03,203647,2002.54765,1729.77979,1.0601281e+04,1.2650011e+01,1.3932877e+03,4.1436009e+00,1.1523630e+04,1.4264423e+01,0,nan,nan,nan,nan,2002.54765,8.8597543e-04,1729.77979,8.7657693e-04,-1.2610138e-02,-2.6148085e-02
-0.07043917462692662,0.9986081690724812,0.0012404854907108018,1510.3023418252385,2.5274800e-03,203648,2002.54839,1729.77505,1.0552724e+04,1.2637518e+01,1.4046752e+03,4.1622138e+00,1.1471721e+04,1.4250336e+01,0,nan,nan,nan,nan,2002.54839,8.8921352e-04,1729.77505,8.7925541e-04,-1.2440009e-02,-3.1928312e-02
-0.06905028957567083,1.0014847872618502,0.0012406723005165062,1510.3037307102898,2.5274768e-03,203649,2002.54540,1729.78119,1.0577271e+04,1.2639277e+01,1.3950415e+03,4.1495876e+00,1.1504635e+04,1.4252319e+01,0,nan,nan,nan,nan,2002.54540,8.8662305e-04,1729.78119,8.7706640e-04,-1.5405195e-02,-2.4036741e-02
-0.06766140452577929,0.9992900651673224,0.001240210050725527,1510.3051195953396,2.5274735e-03,203650,2002.54945,1729.77729,1.0554989e+04,1.2634421e+01,1.4026753e+03,4.1531153e+00,1.1479289e+04,1.4246843e+01,0,nan,nan,nan,nan,2002.54945,8.8853668e-04,1729.77729,8.7949121e-04,-1.1536041e-02,-2.7660081e-02
-0.06627251947611512,1.00132494594731,0.0012411917613083553,1510.3065084803893,2.5274702e-03,203651,2002.54581,1729.77295,1.0571770e+04,1.2644274e+01,1.4000059e+03,4.1569195e+00,1.1502529e+04,1.4257954e+01,0,nan,nan,nan,nan,2002.54581,8.8695355e-04,1729.77295,8.8075671e-04,-1.4127030e-02,-3.2212496e-02
-0.06488363442508671,1.0007734252543836,0.0012414830639461494,1510.3078973654403,2.5274670e-03,203652,2002.54943,1729.78132,1.0563411e+04,1.2647091e+01,1.4005114e+03,4.1642861e+00,1.1496057e+04,1.4261130e+01,0,nan,nan,nan,nan,2002.54943,8.9003099e-04,1729.78132,8.8014326e-04,-1.0683329e-02,-2.3224479e-02
-0.06349474960666157,0.9985327159818324,0.0012392146038412162,1510.3092862502588,2.5274635e-03,203653,2002.54764,1729.77945,1.0541401e+04,1.2623829e+01,1.3967849e+03,4.1445436e+00,1.1470179e+04,1.4234900e+01,0,nan,nan,nan,nan,2002.54764,8.8974508e-04,1729.77945,8.8210194e-04,-1.2970343e-02,-2.5716169e-02
-0.06210586455677003,0.9985586527852057,0.0012393263495477402,1510.3106751353087,2.5274602e-03,203654,2002.54687,1729.77171,1.0547817e+04,1.2624814e+01,1.3913438e+03,4.1433773e+00,1.1470338e+04,1.4236011e+01,0,nan,nan,nan,nan,2002.54687,8.8818249e-04,1729.77171,8.8172144e-04,-1.3586814e-02,-3.3607330e-02
-0.06071697950642374,0.9986651188826048,0.001239917470857605,1510.312064020359,2.5274570e-03,203655,2002.54846,1729.77644,1.0546355e+04,1.2630681e+01,1.3993411e+03,4.1523910e+00,1.1471421e+04,1.4242627e+01,0,nan,nan,nan,nan,2002.54846,8.8946481e-04,1729.77644,8.8076433e-04,-1.0697476e-02,-2.9947793e-02
-0.05932809445516796,1.0012753556399676,0.0012410454586376087,1510.3134529054103,2.5274537e-03,203656,2002.54651,1729.77947,1.0580941e+04,1.2642015e+01,1.4014818e+03,4.1502762e+00,1.1501263e+04,1.4255408e+01,0,nan,nan,nan,nan,2002.54651,8.8708516e-04,1729.77947,8.7795738e-04,-1.4074259e-02,-2.5731459e-02
-0.05793920963765231,0.9994787907451564,0.0012401310669627656,1510.3148417902278,2.5274502e-03,203657,2002.55052,1729.78226,1.0553696e+04,1.2632547e+01,1.3981454e+03,4.1503310e+00,1.1480484e+04,1.4244731e+01,0,nan,nan,nan,nan,2002.55052,8.8960264e-04,1729.78226,8.7916915e-04,-9.0788193e-03,-2.3854360e-02
-0.05655032458730602,0.9986718959182339,0.0012403766161929277,1510.3162306752781,2.5274470e-03,203658,2002.54443,1729.77471,1.0550190e+04,1.2634892e+01,1.3994657e+03,4.1485367e+00,1.1471074e+04,1.4247375e+01,0,nan,nan,nan,nan,2002.54443,8.8932877e-04,1729.77471,8.8237022e-04,-1.4883609e-02,-3.1833578e-02
-0.05516143953673236,1.000455196525065,0.0012398629802231106,1510.3176195603287,2.5274437e-03,203659,2002.55087,1729.77310,1.0563687e+04,1.2629503e+01,1.3918923e+03,4.1434627e+00,1.1491415e+04,1.4241299e+01,0,nan,nan,nan,nan,2002.55087,8.8851509e-04,1729.77310,8.7967218e-04,-8.5208658e-03,-3.1966612e-02
-0.053772554719898835,1.000382598569828,0.0012421347948706658,1510.3190084451455,2.5274402e-03,203660,2002.54748,1729.77478,1.0564994e+04,1.2652488e+01,1.3995984e+03,4.1546364e+00,1.1490439e+04,1.4267216e+01,0,nan,nan,nan,nan,2002.54748,8.8903721e-04,1729.77478,8.8177377e-04,-1.3711531e-02,-3.2018986e-02
-0.05238366966864305,1.0017235199537025,0.0012412505413550864,1510.3203973301968,2.5274369e-03,203661,2002.54690,1729.77735,1.0580818e+04,1.2643325e+01,1.3957108e+03,4.1507049e+00,1.1505699e+04,1.4256884e+01,0,nan,nan,nan,nan,2002.54690,8.8697398e-04,1729.77735,8.7978767e-04,-1.2576950e-02,-2.6722079e-02
-0.05099478461738727,0.998551942929722,0.0012389507493779427,1510.321786215248,2.5274337e-03,203662,2002.54467,1729.77906,1.0543214e+04,1.2619743e+01,1.3928015e+03,4.1411285e+00,1.1469130e+04,1.4230292e+01,0,nan,nan,nan,nan,2002.54467,8.8951201e-04,1729.77906,8.7953144e-04,-1.6378375e-02,-2.5296822e-02
-0.04960589980055374,1.0014390684411543,0.0012411465931276909,1510.3231751000649,2.5274302e-03,203663,2002.54233,1729.78017,1.0573918e+04,1.2641954e+01,1.4056906e+03,4.1515937e+00,1.1502149e+04,1.4255339e+01,0,nan,nan,nan,nan,2002.54233,8.8772428e-04,1729.78017,8.7828637e-04,-1.5179219e-02,-2.5494112e-02
-0.048217014750889575,0.9979881275008716,0.001239352896311488,1510.3245639851145,2.5274269e-03,203664,2002.54676,1729.77755,1.0536285e+04,1.2623530e+01,1.3874520e+03,4.1485348e+00,1.1462374e+04,1.4234564e+01,0,nan,nan,nan,nan,2002.54676,8.9000392e-04,1729.77755,8.8251411e-04,-1.3101045e-02,-2.7735943e-02
-0.04682812969963379,1.002012584842471,0.0012412362823650044,1510.3259528701658,2.5274237e-03,203665,2002.54326,1729.77710,1.0571938e+04,1.2642563e+01,1.3958448e+03,4.1528392e+00,1.1508458e+04,1.4256024e+01,0,nan,nan,nan,nan,2002.54326,8.8978274e-04,1729.77710,8.7882974e-04,-1.4142329e-02,-2.7748350e-02
-0.04543924488120865,1.0024531840621924,0.0012414294477176558,1510.3273417549842,2.5274202e-03,203666,2002.54668,1729.77097,1.0586493e+04,1.2644380e+01,1.3957723e+03,4.1506114e+00,1.1513381e+04,1.4258073e+01,0,nan,nan,nan,nan,2002.54668,8.8661030e-04,1729.77097,8.7904657e-04,-1.3624753e-02,-3.5523899e-02
-0.04405035983154448,1.000179598934371,0.0012406670300736306,1510.3287306400339,2.5274169e-03,203667,2002.54518,1729.77799,1.0560954e+04,1.2636465e+01,1.4018639e+03,4.1461535e+00,1.1487132e+04,1.4249147e+01,0,nan,nan,nan,nan,2002.54518,8.8857877e-04,1729.77799,8.7945047e-04,-1.3264219e-02,-2.7409211e-02
-0.042661475013801464,0.999025649820166,0.0012398358405347211,1510.3301195248516,2.5274134e-03,203668,2002.54643,1729.77765,1.0543611e+04,1.2627851e+01,1.3961628e+03,4.1589622e+00,1.1473745e+04,1.4239435e+01,0,nan,nan,nan,nan,2002.54643,8.9018606e-04,1729.77765,8.7969151e-04,-1.3413469e-02,-2.9008290e-02
-0.041272589962773054,0.9971491642410487,0.0012390875272490882,1510.3315084099027,2.5274102e-03,203669,2002.54897,1729.77922,1.0535994e+04,1.2620083e+01,1.3979066e+03,4.1484342e+00,1.1452062e+04,1.4230677e+01,0,nan,nan,nan,nan,2002.54897,8.8795793e-04,1729.77922,8.8001631e-04,-1.0838047e-02,-2.5734479e-02
-0.03988370491219939,0.997433155244577,0.001239059619317043,1510.3328972949532,2.5274069e-03,203670,2002.54747,1729.77524,1.0533941e+04,1.2619657e+01,1.3979833e+03,4.1451864e+00,1.1455194e+04,1.4230195e+01,0,nan,nan,nan,nan,2002.54747,8.8933454e-04,1729.77524,8.8146917e-04,-1.2025568e-02,-3.0212423e-02
-0.038494820094683746,0.9988058315411646,0.0012403802453053734,1510.3342861797707,2.5274034e-03,203671,2002.54764,1729.77953,1.0549361e+04,1.2632967e+01,1.3964781e+03,4.1516209e+00,1.1470832e+04,1.4245205e+01,0,nan,nan,nan,nan,2002.54764,8.8964682e-04,1729.77953,8.7949442e-04,-1.2881835e-02,-2.6751267e-02
-0.03710593504433746,0.9946492789433582,0.0012384253743665916,1510.335675064821,2.5274002e-03,203672,2002.54636,1729.77898,1.0510063e+04,1.2612920e+01,1.4017316e+03,4.1472678e+00,1.1422972e+04,1.4222599e+01,0,nan,nan,nan,nan,2002.54636,8.9079433e-04,1729.77898,8.8151585e-04,-1.3591992e-02,-2.7136914e-02
-0.03571705022727656,0.9951455754330409,0.0012382471298696435,1510.3370639496382,2.5273967e-03,203673,2002.54710,1729.77773,1.0510511e+04,1.2610971e+01,1.3980544e+03,4.1555510e+00,1.1428551e+04,1.4220402e+01,0,nan,nan,nan,nan,2002.54710,8.9119736e-04,1729.77773,8.8162970e-04,-1.2334183e-02,-2.7822562e-02
-0.034328165176020775,0.9974876631379994,0.001239025438332089,1510.3384528346894,2.5273934e-03,203674,2002.54800,1729.77209,1.0524703e+04,1.2618767e+01,1.3921451e+03,4.1472163e+00,1.1455329e+04,1.4229192e+01,0,nan,nan,nan,nan,2002.54800,8.8983256e-04,1729.77209,8.8335754e-04,-1.2766201e-02,-3.5331130e-02
-0.032939280357595635,0.9935596341071465,0.0012377442132684292,1510.3398417195078,2.5273899e-03,203675,2002.54447,1729.78140,1.0496911e+04,1.2605593e+01,1.3942933e+03,4.1502280e+00,1.1410104e+04,1.4214336e+01,0,nan,nan,nan,nan,2002.54447,8.9270249e-04,1729.78140,8.8272267e-04,-1.4748915e-02,-2.4561336e-02
-0.03155039530815884,0.9934951696923212,0.0012372376583349306,1510.3412306045573,2.5273866e-03,203676,2002.54660,1729.78016,1.0493041e+04,1.2600309e+01,1.3957040e+03,4.1401434e+00,1.1409253e+04,1.4208380e+01,0,nan,nan,nan,nan,2002.54660,8.9200452e-04,1729.78016,8.8311901e-04,-1.4016790e-02,-2.3178658e-02
-0.03016151049041582,0.994735702804542,0.0012377369716656268,1510.342619489375,2.5273832e-03,203677,2002.54610,1729.77683,1.0503586e+04,1.2605278e+01,1.3941130e+03,4.1437478e+00,1.1423392e+04,1.4213981e+01,0,nan,nan,nan,nan,2002.54610,8.9067186e-04,1729.77683,8.8249712e-04,-1.3840235e-02,-2.9752130e-02
-0.028772625439160038,0.9935740542721231,0.0012375173655747877,1510.3440083744263,2.5273799e-03,203678,2002.54573,1729.77414,1.0499711e+04,1.2602926e+01,1.3879712e+03,4.1423197e+00,1.1409947e+04,1.4211329e+01,0,nan,nan,nan,nan,2002.54573,8.9155929e-04,1729.77414,8.8411558e-04,-1.4346981e-02,-3.2489330e-02
-0.02738374062141702,0.9938931473669971,0.0012371500498977242,1510.345397259244,2.5273764e-03,203679,2002.54722,1729.76948,1.0495685e+04,1.2599075e+01,1.3937023e+03,4.1435356e+00,1.1413513e+04,1.4206987e+01,0,nan,nan,nan,nan,2002.54722,8.9187105e-04,1729.76948,8.8467373e-04,-1.3795115e-02,-3.7410088e-02
-0.02599485557175285,0.9902885462888076,0.0012364160218368734,1510.3467861442937,2.5273731e-03,203680,2002.54451,1729.78139,1.0459098e+04,1.2591495e+01,1.3908330e+03,4.1441689e+00,1.1372023e+04,1.4198440e+01,0,nan,nan,nan,nan,2002.54451,8.9565996e-04,1729.78139,8.8474579e-04,-1.3942125e-02,-2.1074433e-02
-0.02460597075400983,0.9909295081775642,0.0012360342460673059,1510.3481750291114,2.5273697e-03,203681,2002.54238,1729.77276,1.0461452e+04,1.2587507e+01,1.3971379e+03,4.1485443e+00,1.1379294e+04,1.4193943e+01,0,nan,nan,nan,nan,2002.54238,8.9409697e-04,1729.77276,8.8602357e-04,-1.7142087e-02,-3.5057139e-02
-0.02321708570298142,0.9893328258641325,0.0012354232038871687,1510.3495639141624,2.5273664e-03,203682,2002.54697,1729.77778,1.0443779e+04,1.2581189e+01,1.4000000e+03,4.1454377e+00,1.1360872e+04,1.4186818e+01,0,nan,nan,nan,nan,2002.54697,8.9376775e-04,1729.77778,8.8625436e-04,-1.3642435e-02,-2.6002781e-02
-0.021828200885238402,0.9911184340718627,0.0012368301070204747,1510.3509527989802,2.5273629e-03,203683,2002.54962,1729.77556,1.0477553e+04,1.2595427e+01,1.3978881e+03,4.1475830e+00,1.1381296e+04,1.4202873e+01,0,nan,nan,nan,nan,2002.54962,8.9298905e-04,1729.77556,8.8484510e-04,-8.1226714e-03,-3.0515814e-02
-0.020439316067722757,0.9908331922820881,0.0012358006442547637,1510.3523416837977,2.5273594e-03,203684,2002.54496,1729.77947,1.0463316e+04,1.2584858e+01,1.3924602e+03,4.1402450e+00,1.1377943e+04,1.4190956e+01,0,nan,nan,nan,nan,2002.54496,8.9305604e-04,1729.77947,8.8416727e-04,-1.4270169e-02,-2.5332313e-02
-0.019050431017376468,0.9885684233562009,0.0012357022121186026,1510.353730568848,2.5273561e-03,203685,2002.54869,1729.78064,1.0444916e+04,1.2583776e+01,1.3973669e+03,4.1472278e+00,1.1351865e+04,1.4189736e+01,0,nan,nan,nan,nan,2002.54869,8.9505361e-04,1729.78064,8.8580331e-04,-1.1914832e-02,-2.5703149e-02
-0.01766154619963345,0.9892982162017782,0.0012348684762516632,1510.3551194536658,2.5273527e-03,203686,2002.54763,1729.77910,1.0444143e+04,1.2575213e+01,1.3885070e+03,4.1381397e+00,1.1360180e+04,1.4180080e+01,0,nan,nan,nan,nan,2002.54763,8.9419005e-04,1729.77910,8.8464812e-04,-1.3881003e-02,-2.8394584e-02
-0.01627266114860504,0.9875390372332927,0.0012350634315655322,1510.3565083387168,2.5273494e-03,203687,2002.54913,1729.77472,1.0435070e+04,1.2577132e+01,1.3968712e+03,4.1465764e+00,1.1339919e+04,1.4182244e+01,0,nan,nan,nan,nan,2002.54913,8.9446356e-04,1729.77472,8.8696415e-04,-1.0243274e-02,-3.0265184e-02
-0.01488377633086202,0.9903610875783021,0.0012363705541060842,1510.3578972235346,2.5273459e-03,203688,2002.54848,1729.77863,1.0456460e+04,1.2590382e+01,1.3965270e+03,4.1555152e+00,1.1372270e+04,1.4197184e+01,0,nan,nan,nan,nan,2002.54848,8.9517183e-04,1729.77863,8.8436744e-04,-1.2316996e-02,-2.7893569e-02
-0.013494891514028495,0.9901095569187324,0.0012356989347415358,1510.3592861083514,2.5273424e-03,203689,2002.54904,1729.79033,1.0459617e+04,1.2583488e+01,1.3926230e+03,4.1434655e+00,1.1369331e+04,1.4189410e+01,0,nan,nan,nan,nan,2002.54904,8.9381763e-04,1729.79033,8.8345248e-04,-1.1658603e-02,-1.2488685e-02
-0.012106006463454833,0.9884598169366574,0.0012350699925102009,1510.360674993402,2.5273392e-03,203690,2002.54459,1729.76384,1.0444076e+04,1.2577036e+01,1.3927084e+03,4.1439505e+00,1.1350344e+04,1.4182135e+01,0,nan,nan,nan,nan,2002.54459,8.9382118e-04,1729.76384,8.8885700e-04,-1.4604906e-02,-4.5096189e-02
-0.010717121645257066,0.98940880026263,0.001236140075757192,1510.3620638782202,2.5273357e-03,203691,2002.54779,1729.78035,1.0455280e+04,1.2587890e+01,1.4020814e+03,4.1505895e+00,1.1361203e+04,1.4194374e+01,0,nan,nan,nan,nan,2002.54779,8.9436135e-04,1729.78035,8.8470546e-04,-1.2032948e-02,-2.6482111e-02
-0.009328236827514047,0.9890957020016931,0.001236367420103567,1510.363452763038,2.5273322e-03,203692,2002.54531,1729.77757,1.0443116e+04,1.2590169e+01,1.4002078e+03,4.1540890e+00,1.1357576e+04,1.4196944e+01,0,nan,nan,nan,nan,2002.54531,8.9659187e-04,1729.77757,8.8712631e-04,-1.5472500e-02,-2.8989013e-02
-0.007939351777849879,0.9897370721230943,0.001235751192644249,1510.3648416480876,2.5273289e-03,203693,2002.54119,1729.77481,1.0440543e+04,1.2583867e+01,1.4024861e+03,4.1578603e+00,1.1364915e+04,1.4189837e+01,0,nan,nan,nan,nan,2002.54119,8.9532434e-04,1729.77481,8.8705635e-04,-1.6832991e-02,-3.0924588e-02
-0.00655046696010686,0.9915235390212073,0.0012373175995456297,1510.3662305329053,2.5273254e-03,203694,2002.54483,1729.78304,1.0478150e+04,1.2599796e+01,1.3999359e+03,4.1495714e+00,1.1385409e+04,1.4207800e+01,0,nan,nan,nan,nan,2002.54483,8.9394575e-04,1729.78304,8.8383222e-04,-1.3489387e-02,-2.1662612e-02
-0.0051615821419090935,0.9880114438339213,0.0012360618977735043,1510.3676194177235,2.5273219e-03,203695,2002.54770,1729.77775,1.0440473e+04,1.2586993e+01,1.4041466e+03,4.1545572e+00,1.1345067e+04,1.4193363e+01,0,nan,nan,nan,nan,2002.54770,8.9503330e-04,1729.77775,8.8787347e-04,-1.2064086e-02,-2.9647106e-02
-0.0037726970913354307,0.9893070082882545,0.0012352348809752701,1510.369008302774,2.5273187e-03,203696,2002.54715,1729.78147,1.0450335e+04,1.2578564e+01,1.3914418e+03,4.1410584e+00,1.1359938e+04,1.4183858e+01,0,nan,nan,nan,nan,2002.54715,8.9480699e-04,1729.78147,8.8463735e-04,-1.1939246e-02,-2.4082085e-02
-0.0023838122735924117,0.9889187082140621,0.0012351783676565916,1510.3703971875918,2.5273152e-03,203697,2002.54498,1729.77944,1.0439084e+04,1.2577988e+01,1.3851748e+03,4.1405663e+00,1.1355478e+04,1.4183208e+01,0,nan,nan,nan,nan,2002.54498,8.9568604e-04,1729.77944,8.8665274e-04,-1.5235586e-02,-2.5316754e-02
-0.0009949274560767662,0.9875197085509945,0.0012348510510948882,1510.3717860724093,2.5273117e-03,203698,2002.54767,1729.77240,1.0433807e+04,1.2574661e+01,1.3985092e+03,4.1475792e+00,1.1339419e+04,1.4179457e+01,0,nan,nan,nan,nan,2002.54767,8.9527859e-04,1729.77240,8.8732713e-04,-1.1965249e-02,-3.6079954e-02
0.00039395736143887916,0.9887707974477172,0.0012350937454906326,1510.3731749572269,2.5273082e-03,203699,2002.54839,1729.77935,1.0438854e+04,1.2577148e+01,1.3980032e+03,4.1458898e+00,1.1353797e+04,1.4182261e+01,0,nan,nan,nan,nan,2002.54839,8.9490606e-04,1729.77935,8.8619656e-04,-1.2253125e-02,-2.6892608e-02
0.001782842412694663,0.9884650402851711,0.0012355866279313466,1510.3745638422781,2.5273049e-03,203700,2002.54435,1729.77226,1.0438351e+04,1.2582186e+01,1.3980872e+03,4.1445580e+00,1.1350305e+04,1.4187942e+01,0,nan,nan,nan,nan,2002.54435,8.9632312e-04,1729.77226,8.8765146e-04,-1.5726902e-02,-3.1144245e-02
0.0031717272302103083,0.9901184266469232,0.001237065726942483,1510.3759527270956,2.5273014e-03,203701,2002.54537,1729.77840,1.0449957e+04,1.2597276e+01,1.3979269e+03,4.1526980e+00,1.1369315e+04,1.4204958e+01,0,nan,nan,nan,nan,2002.54537,8.9561846e-04,1729.77840,8.8727754e-04,-1.4716638e-02,-2.8284432e-02
0.004560612047271206,0.9895628450817345,0.0012354694756081753,1510.3773416119127,2.5272979e-03,203702,2002.54984,1729.78108,1.0450015e+04,1.2581057e+01,1.3970389e+03,4.1436152e+00,1.1362968e+04,1.4186669e+01,0,nan,nan,nan,nan,2002.54984,8.9532480e-04,1729.78108,8.8512083e-04,-9.9269999e-03,-2.5170879e-02
0.0059494968656963465,0.9879125812915636,0.0012348148558784698,1510.3787304967311,2.5272944e-03,203703,2002.54444,1729.77563,1.0433637e+04,1.2574431e+01,1.3955283e+03,4.1442451e+00,1.1344057e+04,1.4179199e+01,0,nan,nan,nan,nan,2002.54444,8.9578674e-04,1729.77563,8.8785676e-04,-1.5021814e-02,-2.8684294e-02
0.007338381683894113,0.9891932504335662,0.001235486638334909,1510.3801193815493,2.5272910e-03,203704,2002.54752,1729.77977,1.0451277e+04,1.2581324e+01,1.3961382e+03,4.1429486e+00,1.1358807e+04,1.4186970e+01,0,nan,nan,nan,nan,2002.54752,8.9425058e-04,1729.77977,8.8581006e-04,-1.2140516e-02,-2.4029842e-02
0.008727266733558281,0.9881018316302601,0.0012349579788926695,1510.381508266599,2.5272877e-03,203705,2002.54685,1729.77778,1.0435715e+04,1.2575996e+01,1.3940542e+03,4.1408792e+00,1.1346325e+04,1.4180963e+01,0,nan,nan,nan,nan,2002.54685,8.9494733e-04,1729.77778,8.8591396e-04,-1.2733146e-02,-2.6744448e-02
0.0101161515513013,0.9868182833129058,0.0012345187348851963,1510.3828971514167,2.5272842e-03,203706,2002.54537,1729.77343,1.0423707e+04,1.2571587e+01,1.3981553e+03,4.1520085e+00,1.1331645e+04,1.4175990e+01,0,nan,nan,nan,nan,2002.54537,8.9539593e-04,1729.77343,8.8843849e-04,-1.5421856e-02,-3.4672797e-02
0.01150503636904432,0.9883386112008928,0.0012353852781351686,1510.3842860362345,2.5272807e-03,203707,2002.54770,1729.78036,1.0439547e+04,1.2580482e+01,1.3992926e+03,4.1479187e+00,1.1349166e+04,1.4186022e+01,0,nan,nan,nan,nan,2002.54770,8.9534302e-04,1729.78036,8.8658201e-04,-1.1598058e-02,-2.4169194e-02
0.012893921186559965,0.9887703595058526,0.0012353709845206737,1510.385674921052,2.5272772e-03,203708,2002.54643,1729.77337,1.0435562e+04,1.2580416e+01,1.4039069e+03,4.1594815e+00,1.1354194e+04,1.4185946e+01,0,nan,nan,nan,nan,2002.54643,8.9509779e-04,1729.77337,8.8727946e-04,-1.4690441e-02,-3.4026749e-02
0.01428280600407561,0.9900785520929611,0.0012360945756154022,1510.3870638058695,2.5272737e-03,203709,2002.54614,1729.78060,1.0453947e+04,1.2587868e+01,1.3930814e+03,4.1494827e+00,1.1369293e+04,1.4194350e+01,0,nan,nan,nan,nan,2002.54614,8.9500338e-04,1729.78060,8.8618929e-04,-1.2961736e-02,-2.3750141e-02
0.01567169082181863,0.9886571689973607,0.0012357165121071267,1510.3884526906872,2.5272702e-03,203710,2002.54427,1729.77777,1.0445940e+04,1.2584111e+01,1.3954789e+03,4.1484594e+00,1.1353054e+04,1.4190112e+01,0,nan,nan,nan,nan,2002.54427,8.9413160e-04,1729.77777,8.8703545e-04,-1.6086508e-02,-2.8352760e-02
0.017060575872392292,0.98908741201093,0.0012351687533132803,1510.3898415757378,2.5272670e-03,203711,2002.54560,1729.77062,1.0449284e+04,1.2578629e+01,1.3948459e+03,4.1456099e+00,1.1358083e+04,1.4183932e+01,0,nan,nan,nan,nan,2002.54560,8.9392468e-04,1729.77062,8.8657090e-04,-1.3044805e-02,-3.4609925e-02
0.018449460689907937,0.9898594409162058,0.0012356220030842206,1510.3912304605553,2.5272635e-03,203712,2002.54733,1729.78302,1.0452912e+04,1.2583352e+01,1.3936965e+03,4.1438470e+00,1.1367044e+04,1.4189257e+01,0,nan,nan,nan,nan,2002.54733,8.9441519e-04,1729.78302,8.8556518e-04,-1.2229051e-02,-2.0619271e-02
0.019838345508333077,0.9898476177877313,0.001235753415605561,1510.3926193453738,2.5272600e-03,203713,2002.54517,1729.77476,1.0456850e+04,1.2584802e+01,1.3981515e+03,4.1423783e+00,1.1367009e+04,1.4190892e+01,0,nan,nan,nan,nan,2002.54517,8.9465844e-04,1729.77476,8.8496698e-04,-1.4855047e-02,-3.2871097e-02
0.021227230325848723,0.9893638840875824,0.0012362036432526106,1510.3940082301913,2.5272565e-03,203714,2002.54840,1729.77878,1.0454554e+04,1.2589504e+01,1.3957395e+03,4.1560974e+00,1.1361561e+04,1.4196195e+01,0,nan,nan,nan,nan,2002.54840,8.9425460e-04,1729.77878,8.8563428e-04,-1.1385351e-02,-2.6882641e-02
0.02261611514290962,0.9910426320135177,0.001236521589043175,1510.3953971150083,2.5272530e-03,203715,2002.54720,1729.78147,1.0467106e+04,1.2592867e+01,1.3956979e+03,4.1545010e+00,1.1380951e+04,1.4199986e+01,0,nan,nan,nan,nan,2002.54720,8.9282182e-04,1729.78147,8.8517339e-04,-1.1812441e-02,-2.1843869e-02
0.024004999961107387,0.9897618735878527,0.001236564667740294,1510.3967859998265,2.5272495e-03,203716,2002.54652,1729.77566,1.0449754e+04,1.2593435e+01,1.3996576e+03,4.1503525e+00,1.1366361e+04,1.4200628e+01,0,nan,nan,nan,nan,2002.54652,8.9453429e-04,1729.77566,8.8644592e-04,-1.3162038e-02,-2.8849469e-02
0.025393884779305154,0.9923022136744323,0.0012385032738393164,1510.3981748846447,2.5272460e-03,203717,2002.54772,1729.77577,1.0483499e+04,1.2613316e+01,1.3911959e+03,4.1526608e+00,1.1395657e+04,1.4223044e+01,0,nan,nan,nan,nan,2002.54772,8.9392491e-04,1729.77577,8.8716310e-04,-1.3900954e-02,-3.1413298e-02
0.02678276959636605,0.9907791747574364,0.0012364827652436674,1510.3995637694618,2.5272425e-03,203718,2002.54704,1729.78178,1.0471785e+04,1.2592879e+01,1.3966218e+03,4.1438274e+00,1.1378295e+04,1.4200001e+01,0,nan,nan,nan,nan,2002.54704,8.9277962e-04,1729.78178,8.8430045e-04,-1.1945450e-02,-2.2198062e-02
0.028171654413881697,0.9920711186210412,0.0012374289008065204,1510.4009526542793,2.5272390e-03,203719,2002.54786,1729.77494,1.0483442e+04,1.2602664e+01,1.3954049e+03,4.1492863e+00,1.1393265e+04,1.4211034e+01,0,nan,nan,nan,nan,2002.54786,8.9253398e-04,1729.77494,8.8524458e-04,-1.2362149e-02,-3.0675642e-02
0.029560539231624716,0.994137781196928,0.0012376129638915767,1510.402341539097,2.5272355e-03,203720,2002.54624,1729.77803,1.0497356e+04,1.2604691e+01,1.3999408e+03,4.1456327e+00,1.1417138e+04,1.4213319e+01,0,nan,nan,nan,nan,2002.54624,8.9141808e-04,1729.77803,8.8297698e-04,-1.2641638e-02,-2.7323956e-02
0.030949424049367735,0.9936329877608968,0.0012372335924539395,1510.4037304239148,2.5272320e-03,203721,2002.54740,1729.77688,1.0487752e+04,1.2600985e+01,1.3975474e+03,4.1481771e+00,1.1411483e+04,1.4209140e+01,0,nan,nan,nan,nan,2002.54740,8.9208287e-04,1729.77688,8.8502350e-04,-1.1107607e-02,-2.7640494e-02
0.03233830886688338,0.9938752601222841,0.0012386502255306395,1510.4051193087323,2.5272286e-03,203722,2002.54817,1729.78128,1.0504778e+04,1.2615575e+01,1.3991992e+03,4.1621175e+00,1.1414412e+04,1.4225593e+01,0,nan,nan,nan,nan,2002.54817,8.9166965e-04,1729.78128,8.8288257e-04,-1.1650443e-02,-2.2208922e-02
0.033727193684399026,0.9953841652958137,0.0012376095860306524,1510.4065081935498,2.5272251e-03,203723,2002.54172,1729.77732,1.0511062e+04,1.2605145e+01,1.3907510e+03,4.1445642e+00,1.1431894e+04,1.4213830e+01,0,nan,nan,nan,nan,2002.54172,8.9045009e-04,1729.77732,8.8125828e-04,-1.8326214e-02,-3.0142406e-02
0.035116078502142045,0.9968907868844749,0.0012390764146087353,1510.4078970783676,2.5272216e-03,203724,2002.54280,1729.77497,1.0522280e+04,1.2620255e+01,1.4003983e+03,4.1516733e+00,1.1449353e+04,1.4230869e+01,0,nan,nan,nan,nan,2002.54280,8.9087215e-04,1729.77497,8.8291441e-04,-1.5254170e-02,-3.2500144e-02
0.036504963319885064,0.9953479197203371,0.0012377437579116956,1510.4092859631853,2.5272181e-03,203725,2002.54447,1729.77192,1.0504460e+04,1.2606857e+01,1.3960712e+03,4.1458049e+00,1.1431791e+04,1.4215762e+01,0,nan,nan,nan,nan,2002.54447,8.9161831e-04,1729.77192,8.8300614e-04,-1.3769406e-02,-3.3576351e-02
0.03789384813808283,0.9968813679201288,0.0012383909334894381,1510.4106748480035,2.5272146e-03,203726,2002.54778,1729.78655,1.0531060e+04,1.2613627e+01,1.3897773e+03,4.1416726e+00,1.1449566e+04,1.4223396e+01,0,nan,nan,nan,nan,2002.54778,8.8990334e-04,1729.78655,8.7857572e-04,-1.0750924e-02,-1.6617335e-02
0.03928273295582585,0.9998569949487495,0.0012399290017699324,1510.4120637328213,2.5272111e-03,203727,2002.54448,1729.77796,1.0562212e+04,1.2629477e+01,1.3940680e+03,4.1438251e+00,1.1483908e+04,1.4241268e+01,0,nan,nan,nan,nan,2002.54448,8.8870618e-04,1729.77796,8.7861484e-04,-1.4666736e-02,-2.8681120e-02
0.040671617772659374,0.9983250289291532,0.0012392039019947063,1510.413452617638,2.5272076e-03,203728,2002.54202,1729.77691,1.0543864e+04,1.2622275e+01,1.3970281e+03,4.1444349e+00,1.1466481e+04,1.4233148e+01,0,nan,nan,nan,nan,2002.54202,8.8973937e-04,1729.77691,8.8068453e-04,-1.6441060e-02,-2.8497158e-02
0.04206050259085714,0.9991444884624089,0.0012393476560205359,1510.4148415024563,2.5272041e-03,203729,2002.54704,1729.77712,1.0542086e+04,1.2623927e+01,1.3949242e+03,4.1562781e+00,1.1476065e+04,1.4235012e+01,0,nan,nan,nan,nan,2002.54704,8.8936189e-04,1729.77712,8.8191853e-04,-1.0705576e-02,-2.6324010e-02
0.04344938740928228,0.9999519322707608,0.0012399080794231422,1510.4162303872747,2.5272006e-03,203730,2002.54750,1729.78063,1.0561481e+04,1.2629827e+01,1.3949246e+03,4.1444893e+00,1.1485514e+04,1.4241664e+01,0,nan,nan,nan,nan,2002.54750,8.8892406e-04,1729.78063,8.7896286e-04,-1.0714451e-02,-2.5599454e-02
0.04483827222634318,0.999581665344523,0.0012399896898216275,1510.4176192720918,2.5271971e-03,203731,2002.54256,1729.77794,1.0553406e+04,1.2630852e+01,1.3991141e+03,4.1457744e+00,1.1481436e+04,1.4242820e+01,0,nan,nan,nan,nan,2002.54256,8.8960672e-04,1729.77794,8.8095322e-04,-1.5426137e-02,-2.5970133e-02
0.04622715681102818,0.9986903349322354,0.0012398977108769554,1510.4190081566765,2.5271934e-03,203732,2002.54958,1729.77905,1.0545104e+04,1.2630110e+01,1.4015469e+03,4.1464858e+00,1.1471374e+04,1.4241982e+01,0,nan,nan,nan,nan,2002.54958,8.8946539e-04,1729.77905,8.8160887e-04,-1.0094301e-02,-2.7356166e-02
0.04761604162945332,1.0001632489821977,0.0012410250862890763,1510.4203970414949,2.5271899e-03,203733,2002.54632,1729.78054,1.0555967e+04,1.2641789e+01,1.3913059e+03,4.1493459e+00,1.1488472e+04,1.4255153e+01,0,nan,nan,nan,nan,2002.54632,8.9013972e-04,1729.78054,8.8215730e-04,-1.3053652e-02,-2.3734890e-02
0.049004926446968966,0.9985156922530143,0.0012397669308318235,1510.4217859263124,2.5271864e-03,203734,2002.53964,1729.77523,1.0542889e+04,1.2629171e+01,1.4022423e+03,4.1576352e+00,1.1469725e+04,1.4240925e+01,0,nan,nan,nan,nan,2002.53964,8.9007529e-04,1729.77523,8.8071718e-04,-1.9586563e-02,-3.2232307e-02
0.05039381126448461,1.0018104401528385,0.001240582559819767,1510.42317481113,2.5271829e-03,203735,2002.55171,1729.77598,1.0582379e+04,1.2637677e+01,1.3914985e+03,4.1416941e+00,1.1507751e+04,1.4250516e+01,0,nan,nan,nan,nan,2002.55171,8.8770187e-04,1729.77598,8.7915221e-04,-8.4178448e-03,-2.8447449e-02
0.05178269608222763,1.0017521923038155,0.0012411267419933812,1510.4245636959477,2.5271794e-03,203736,2002.54361,1729.77561,1.0577056e+04,1.2643421e+01,1.3988311e+03,4.1589508e+00,1.1507264e+04,1.4256991e+01,0,nan,nan,nan,nan,2002.54361,8.8773441e-04,1729.77561,8.8026456e-04,-1.7379217e-02,-2.8780062e-02
0.053171580899061155,0.9996754373714294,0.0012407999487282482,1510.4259525807645,2.5271759e-03,203737,2002.54747,1729.77830,1.0560201e+04,1.2640289e+01,1.4026147e+03,4.1503105e+00,1.1483587e+04,1.4253461e+01,0,nan,nan,nan,nan,2002.54747,8.8940299e-04,1729.77830,8.8085607e-04,-1.1593513e-02,-2.6932165e-02
0.054560465716804174,0.9987146926544987,0.0012393585681813642,1510.4273414655822,2.5271724e-03,203738,2002.54389,1729.77753,1.0551953e+04,1.2625803e+01,1.3956613e+03,4.1461906e+00,1.1472729e+04,1.4237125e+01,0,nan,nan,nan,nan,2002.54389,8.8827190e-04,1729.77753,8.7902416e-04,-1.5443523e-02,-2.7917605e-02
0.0559493503021713,0.9988955587782228,0.0012394843088839084,1510.4287303501676,2.5271687e-03,203739,2002.54770,1729.77776,1.0550345e+04,1.2627278e+01,1.3928247e+03,4.1419096e+00,1.1474985e+04,1.4238791e+01,0,nan,nan,nan,nan,2002.54770,8.8889210e-04,1729.77776,8.7935774e-04,-1.3624147e-02,-2.7169542e-02
0.057338235119914316,1.0005088983240136,0.0012400521635259874,1510.4301192349853,2.5271652e-03,203740,2002.54536,1729.77901,1.0567430e+04,1.2633259e+01,1.3892615e+03,4.1410823e+00,1.1493697e+04,1.4245534e+01,0,nan,nan,nan,nan,2002.54536,8.8846515e-04,1729.77901,8.7940722e-04,-1.4841439e-02,-2.6430005e-02
0.05872711993674784,1.0020905129797577,0.0012410014070278674,1510.4315081198022,2.5271617e-03,203741,2002.54635,1729.78020,1.0585991e+04,1.2643123e+01,1.3985551e+03,4.1478438e+00,1.1512041e+04,1.4256657e+01,0,nan,nan,nan,nan,2002.54635,8.8682625e-04,1729.78020,8.7724853e-04,-1.2246116e-02,-2.4015699e-02
0.06011600475517298,1.000875403364415,0.0012398317563880401,1510.4328970046206,2.5271582e-03,203742,2002.54539,1729.77667,1.0570132e+04,1.2631397e+01,1.3950446e+03,4.1447086e+00,1.1498257e+04,1.4243435e+01,0,nan,nan,nan,nan,2002.54539,8.8651071e-04,1729.77667,8.7730028e-04,-1.2875881e-02,-2.9719634e-02
0.06150488934076748,1.0006768559111945,0.0012407606193190219,1510.4342858892062,2.5271545e-03,203743,2002.54489,1729.78011,1.0576051e+04,1.2641048e+01,1.3995094e+03,4.1509795e+00,1.1496146e+04,1.4254317e+01,0,nan,nan,nan,nan,2002.54489,8.8716036e-04,1729.78011,8.7835890e-04,-1.4307987e-02,-2.7048703e-02
0.062893774157601,1.0002448864609481,0.001239802303202661,1510.435674774023,2.5271510e-03,203744,2002.54679,1729.77463,1.0562014e+04,1.2631471e+01,1.3931731e+03,4.1493540e+00,1.1491353e+04,1.4243517e+01,0,nan,nan,nan,nan,2002.54679,8.8776858e-04,1729.77463,8.7943493e-04,-1.0863284e-02,-3.2666110e-02
0.06428265897534402,0.9993095296190218,0.0012391225829571635,1510.4370636588408,2.5271475e-03,203745,2002.54365,1729.78124,1.0547455e+04,1.2624728e+01,1.3955278e+03,4.1427884e+00,1.1480771e+04,1.4235913e+01,0,nan,nan,nan,nan,2002.54365,8.8928122e-04,1729.78124,8.7977969e-04,-1.4578033e-02,-2.5017848e-02
0.06567154379354179,0.9996501829507785,0.0012394194295950744,1510.438452543659,2.5271440e-03,203746,2002.54581,1729.77270,1.0544057e+04,1.2627931e+01,1.3988778e+03,4.1609812e+00,1.1484848e+04,1.4239525e+01,0,nan,nan,nan,nan,2002.54581,8.8891957e-04,1729.77270,8.8235509e-04,-1.2822820e-02,-3.2939259e-02
0.06706042837845416,1.0006786855434155,0.0012410797439059106,1510.4398414282439,2.5271403e-03,203747,2002.54680,1729.78046,1.0579348e+04,1.2645020e+01,1.3970946e+03,4.1525116e+00,1.1496821e+04,1.4258795e+01,0,nan,nan,nan,nan,2002.54680,8.8805397e-04,1729.78046,8.7828707e-04,-1.4255979e-02,-2.4777446e-02
0.06844931319596981,0.9982224061019296,0.0012391331130476946,1510.4412303130614,2.5271368e-03,203748,2002.55024,1729.78112,1.0549421e+04,1.2625356e+01,1.3967740e+03,4.1459050e+00,1.1468755e+04,1.4236621e+01,0,nan,nan,nan,nan,2002.55024,8.8839920e-04,1729.78112,8.7982265e-04,-1.0406470e-02,-2.3086179e-02
0.06983819801348545,1.001674669638426,0.001239700602514688,1510.442619197879,2.5271333e-03,203749,2002.54493,1729.77493,1.0565134e+04,1.2631301e+01,1.3920540e+03,4.1407204e+00,1.1508567e+04,1.4243325e+01,0,nan,nan,nan,nan,2002.54493,8.8916224e-04,1729.77493,8.8063028e-04,-1.4062971e-02,-3.0773425e-02
0.07122708259839783,0.9993574502540837,0.0012400973528253626,1510.4440080824638,2.5271296e-03,203750,2002.55006,1729.77973,1.0569312e+04,1.2635502e+01,1.3942079e+03,4.1420708e+00,1.1482088e+04,1.4248062e+01,0,nan,nan,nan,nan,2002.55006,8.8766904e-04,1729.77973,8.7907549e-04,-1.0503591e-02,-2.5331277e-02
0.07261596741614085,1.0009045962595884,0.0012417166455333751,1510.4453969672816,2.5271261e-03,203751,2002.54740,1729.77767,1.0579539e+04,1.2652151e+01,1.3944468e+03,4.1584015e+00,1.1500001e+04,1.4266837e+01,0,nan,nan,nan,nan,2002.54740,8.8973937e-04,1729.77767,8.7932649e-04,-1.3265143e-02,-2.9235087e-02
0.07400485223365649,1.0017335291932528,0.0012405661579917733,1510.446785852099,2.5271226e-03,203752,2002.54589,1729.77694,1.0584096e+04,1.2640576e+01,1.3949056e+03,4.1441226e+00,1.1509658e+04,1.4253784e+01,0,nan,nan,nan,nan,2002.54589,8.8662043e-04,1729.77694,8.7946060e-04,-1.4017944e-02,-2.8139705e-02
0.0753937368183415,1.0002155998602684,0.0012399041202202556,1510.4481747366838,2.5271189e-03,203753,2002.54539,1729.77332,1.0561948e+04,1.2633967e+01,1.3995677e+03,4.1474285e+00,1.1492344e+04,1.4246332e+01,0,nan,nan,nan,nan,2002.54539,8.8733202e-04,1729.77332,8.8014617e-04,-1.3125045e-02,-3.2016359e-02
0.07678262163540239,1.0003614032658834,0.0012396573702500413,1510.4495636215008,2.5271154e-03,203754,2002.54669,1729.77732,1.0570456e+04,1.2631585e+01,1.3925579e+03,4.1399894e+00,1.1494140e+04,1.4243646e+01,0,nan,nan,nan,nan,2002.54669,8.8807649e-04,1729.77732,8.7895809e-04,-1.3981204e-02,-2.8190186e-02
0.07817150645382753,1.000345063849513,0.0012398599081806954,1510.4509525063193,2.5271119e-03,203755,2002.54404,1729.78130,1.0569464e+04,1.2633771e+01,1.3960464e+03,4.1472096e+00,1.1494063e+04,1.4246112e+01,0,nan,nan,nan,nan,2002.54404,8.8754692e-04,1729.78130,8.7776966e-04,-1.4424687e-02,-2.3914838e-02
0.07956039103919466,0.9970965271646026,0.0012391467551660929,1510.4523413909046,2.5271082e-03,203756,2002.54178,1729.77461,1.0535042e+04,1.2626621e+01,1.4060177e+03,4.1505103e+00,1.1456842e+04,1.4238048e+01,0,nan,nan,nan,nan,2002.54178,8.9017407e-04,1729.77461,8.8226737e-04,-1.6446311e-02,-3.1657375e-02
0.08094927585602818,0.9995234822118175,0.0012395277652362507,1510.4537302757215,2.5271047e-03,203757,2002.54627,1729.77755,1.0559962e+04,1.2630610e+01,1.3978728e+03,4.1444721e+00,1.1484826e+04,1.4242547e+01,0,nan,nan,nan,nan,2002.54627,8.8832830e-04,1729.77755,8.7881141e-04,-1.1906042e-02,-2.7535655e-02
0.0823381606737712,0.998681140555856,0.0012391208033901025,1510.4551191605392,2.5271012e-03,203758,2002.54497,1729.77733,1.0546235e+04,1.2626562e+01,1.3962510e+03,4.1475024e+00,1.1475236e+04,1.4237981e+01,0,nan,nan,nan,nan,2002.54497,8.8935409e-04,1729.77733,8.7969709e-04,-1.2837722e-02,-2.8720802e-02
0.08372704525913832,1.0003051079683714,0.0012393417385210515,1510.4565080451246,2.5270975e-03,203759,2002.54471,1729.78237,1.0564987e+04,1.2628902e+01,1.3895607e+03,4.1406388e+00,1.1493978e+04,1.4240621e+01,0,nan,nan,nan,nan,2002.54471,8.8875822e-04,1729.78237,8.7872247e-04,-1.4549567e-02,-2.3673210e-02
0.08511593007688134,1.0003806618584083,0.0012401556883749236,1510.4578969299423,2.5270940e-03,203760,2002.54141,1729.76805,1.0562437e+04,1.2637275e+01,1.4002606e+03,4.1526189e+00,1.1494917e+04,1.4250062e+01,0,nan,nan,nan,nan,2002.54141,8.8890654e-04,1729.76805,8.8043173e-04,-1.6637407e-02,-4.1819602e-02
0.08650481466179372,0.9998767994614584,0.0012394371741201336,1510.4592858145272,2.5270903e-03,203761,2002.55257,1729.78408,1.0563815e+04,1.2630023e+01,1.3944611e+03,4.1425638e+00,1.1489191e+04,1.4241884e+01,0,nan,nan,nan,nan,2002.55257,8.8718248e-04,1729.78408,8.7883783e-04,-7.3521109e-03,-1.9634673e-02
0.08789369947930936,1.0009494478439556,0.0012396394845024953,1510.4606746993447,2.5270868e-03,203762,2002.54174,1729.77447,1.0565558e+04,1.2632145e+01,1.3947876e+03,4.1442313e+00,1.1501571e+04,1.4244277e+01,0,nan,nan,nan,nan,2002.54174,8.8833435e-04,1729.77447,8.8015560e-04,-1.7260395e-02,-2.8263828e-02
0.08928258406399436,1.0026711375168946,0.0012412310365999745,1510.4620635839294,2.5270830e-03,203763,2002.54377,1729.77710,1.0594873e+04,1.2648411e+01,1.3899091e+03,4.1493936e+00,1.1521398e+04,1.4262619e+01,0,nan,nan,nan,nan,2002.54377,8.8788517e-04,1729.77710,8.7697379e-04,-1.4580201e-02,-2.8799169e-02
0.0906714688824195,0.9975994244295285,0.0012395403094553174,1510.4634524687478,2.5270795e-03,203764,2002.55032,1729.77697,1.0543213e+04,1.2631222e+01,1.4009144e+03,4.1515183e+00,1.1463156e+04,1.4243236e+01,0,nan,nan,nan,nan,2002.55032,8.8895462e-04,1729.77697,8.8126503e-04,-9.8247165e-03,-2.9373532e-02
0.0920603534671045,1.0012084565626032,0.0012401164573488449,1510.4648413533325,2.5270758e-03,203765,2002.54507,1729.77877,1.0570331e+04,1.2637121e+01,1.3933363e+03,4.1494412e+00,1.1504650e+04,1.4249887e+01,0,nan,nan,nan,nan,2002.54507,8.8678970e-04,1729.77877,8.7962870e-04,-1.4203339e-02,-2.4233256e-02
0.0934492382841654,0.9982019568795544,0.0012389588040575812,1510.4662302381496,2.5270723e-03,203766,2002.54402,1729.77690,1.0550290e+04,1.2625338e+01,1.3952864e+03,4.1441174e+00,1.1470118e+04,1.4236602e+01,0,nan,nan,nan,nan,2002.54402,8.8844966e-04,1729.77690,8.7914418e-04,-1.4542501e-02,-2.8271712e-02
0.09483812286839566,0.9989297107977642,0.0012385661888402776,1510.4676191227338,2.5270686e-03,203767,2002.54474,1729.78436,1.0553016e+04,1.2621342e+01,1.3872778e+03,4.1411700e+00,1.1478484e+04,1.4232096e+01,0,nan,nan,nan,nan,2002.54474,8.8814745e-04,1729.78436,8.7907258e-04,-1.3742265e-02,-1.9568320e-02
0.09622700768659342,0.999353463401543,0.0012387824967408222,1510.469008007552,2.5270651e-03,203768,2002.54502,1729.77380,1.0556055e+04,1.2623538e+01,1.3942135e+03,4.1391969e+00,1.1483347e+04,1.4234572e+01,0,nan,nan,nan,nan,2002.54502,8.8766142e-04,1729.77380,8.7941776e-04,-1.2191781e-02,-3.0522060e-02
0.09761589227196055,1.0004450762902382,0.0012396583554826835,1510.4703968921374,2.5270614e-03,203769,2002.54449,1729.78000,1.0561816e+04,1.2632444e+01,1.3949592e+03,4.1495471e+00,1.1495873e+04,1.4244616e+01,0,nan,nan,nan,nan,2002.54449,8.8903325e-04,1729.78000,8.8005303e-04,-1.5273551e-02,-2.3818702e-02
0.09900477708902145,1.0013987327986105,0.0012401053911950477,1510.4717857769544,2.5270579e-03,203770,2002.54873,1729.77903,1.0576645e+04,1.2636970e+01,1.3942107e+03,4.1423626e+00,1.1506803e+04,1.4249717e+01,0,nan,nan,nan,nan,2002.54873,8.8736496e-04,1729.77903,8.7870803e-04,-1.1039820e-02,-2.4905056e-02
0.10039366167370645,0.999057633440935,0.0012386802507842352,1510.4731746615391,2.5270542e-03,203771,2002.54544,1729.77687,1.0537389e+04,1.2622403e+01,1.3960267e+03,4.1452155e+00,1.1479862e+04,1.4233292e+01,0,nan,nan,nan,nan,2002.54544,8.8969042e-04,1729.77687,8.8138180e-04,-1.3363132e-02,-2.6789015e-02
0.10178254649213159,0.9993808417476023,0.0012394292614726265,1510.4745635463576,2.5270507e-03,203772,2002.54578,1729.78213,1.0559755e+04,1.2629980e+01,1.3945629e+03,4.1457486e+00,1.1483525e+04,1.4241836e+01,0,nan,nan,nan,nan,2002.54578,8.8845612e-04,1729.78213,8.7883283e-04,-1.4974330e-02,-2.3404181e-02
0.10317143107681659,1.0003654613427215,0.0012405353824378625,1510.4759524309422,2.5270469e-03,203773,2002.54818,1729.77714,1.0572280e+04,1.2641184e+01,1.3943396e+03,4.1464863e+00,1.1494777e+04,1.4254469e+01,0,nan,nan,nan,nan,2002.54818,8.8803004e-04,1729.77714,8.8050927e-04,-1.1222998e-02,-2.9044656e-02
0.10456031589455961,1.0006308160219488,0.0012399046331262398,1510.47734131576,2.5270435e-03,203774,2002.53944,1729.77349,1.0570271e+04,1.2634676e+01,1.3913015e+03,4.1434832e+00,1.1497754e+04,1.4247130e+01,0,nan,nan,nan,nan,2002.53944,8.8874751e-04,1729.77349,8.7935320e-04,-1.6704783e-02,-3.4983411e-02
0.10594920047947198,0.9987994665084421,0.0012390705418082238,1510.478730200345,2.5270397e-03,203775,2002.54732,1729.77984,1.0544574e+04,1.2626082e+01,1.3963197e+03,4.1529579e+00,1.1476627e+04,1.4237442e+01,0,nan,nan,nan,nan,2002.54732,8.8893226e-04,1729.77984,8.8092266e-04,-1.2251541e-02,-2.4763074e-02
0.10733808506415699,0.9989315865024053,0.0012390517193412438,1510.4801190849296,2.5270360e-03,203776,2002.54373,1729.77624,1.0553375e+04,1.2625789e+01,1.3912795e+03,4.1427989e+00,1.1478050e+04,1.4237109e+01,0,nan,nan,nan,nan,2002.54373,8.8923384e-04,1729.77624,8.8065851e-04,-1.4632287e-02,-3.0100131e-02
0.10872696988258213,0.9986103226006856,0.0012389036581307892,1510.481507969748,2.5270325e-03,203777,2002.54668,1729.78318,1.0550424e+04,1.2624162e+01,1.3953723e+03,4.1424046e+00,1.1474252e+04,1.4235275e+01,0,nan,nan,nan,nan,2002.54668,8.8962947e-04,1729.78318,8.7951613e-04,-1.2625163e-02,-2.0318056e-02
0.11011585446726713,0.9988870213257214,0.001239519325926476,1510.4828968543327,2.5270288e-03,203778,2002.54722,1729.77721,1.0558491e+04,1.2630307e+01,1.3935164e+03,4.1434255e+00,1.1477314e+04,1.4242205e+01,0,nan,nan,nan,nan,2002.54722,8.8799756e-04,1729.77721,8.7943231e-04,-1.2162336e-02,-2.7834844e-02
0.11150473928432802,1.000287765986427,0.0012407096595621113,1510.4842857391498,2.5270253e-03,203779,2002.54840,1729.77677,1.0570287e+04,1.2642295e+01,1.3987130e+03,4.1469417e+00,1.1493282e+04,1.4255723e+01,0,nan,nan,nan,nan,2002.54840,8.8856026e-04,1729.77677,8.8086078e-04,-1.0283813e-02,-2.7574077e-02
0.11289362386901303,0.9996810918230861,0.0012398484660006647,1510.4856746237344,2.5270216e-03,203780,2002.54839,1729.78185,1.0562243e+04,1.2633368e+01,1.3923014e+03,4.1463022e+00,1.1486172e+04,1.4245657e+01,0,nan,nan,nan,nan,2002.54839,8.8740280e-04,1729.78185,8.7861600e-04,-1.2207342e-02,-2.0918641e-02
0.11428250845460752,1.0006442187895064,0.0012396643773625977,1510.48706350832,2.5270178e-03,203781,2002.54482,1729.77913,1.0567390e+04,1.2631329e+01,1.3923782e+03,4.1401362e+00,1.1497091e+04,1.4243357e+01,0,nan,nan,nan,nan,2002.54482,8.8776660e-04,1729.77913,8.7994029e-04,-1.3083210e-02,-2.6367400e-02
0.11567139327212317,1.001286064620571,0.0012417113176619522,1510.4884523931375,2.5270144e-03,203782,2002.54661,1729.77617,1.0585793e+04,1.2652011e+01,1.3991919e+03,4.1531782e+00,1.1504306e+04,1.4266679e+01,0,nan,nan,nan,nan,2002.54661,8.8670023e-04,1729.77617,8.7901897e-04,-1.2062635e-02,-2.9861407e-02
0.11706027785635342,1.0007753980261618,0.001240061056324291,1510.4898412777218,2.5270106e-03,203783,2002.54551,1729.78494,1.0572394e+04,1.2635012e+01,1.3972043e+03,4.1472268e+00,1.1498271e+04,1.4247510e+01,0,nan,nan,nan,nan,2002.54551,8.8789966e-04,1729.78494,8.7756960e-04,-1.2970479e-02,-2.0281538e-02
0.11844916244103842,1.0010589542327728,0.001239860416168968,1510.4912301623065,2.5270069e-03,203784,2002.54256,1729.77364,1.0577588e+04,1.2632773e+01,1.3887495e+03,4.1393099e+00,1.1501351e+04,1.4244985e+01,0,nan,nan,nan,nan,2002.54256,8.8681543e-04,1729.77364,8.7823928e-04,-1.7198388e-02,-3.4826141e-02
0.11983804725946356,0.9978434452124134,0.0012394698891482884,1510.492619047125,2.5270034e-03,203785,2002.54812,1729.77509,1.0545545e+04,1.2628588e+01,1.4004552e+03,4.1476836e+00,1.1464221e+04,1.4240266e+01,0,nan,nan,nan,nan,2002.54812,8.8944478e-04,1729.77509,8.8039826e-04,-1.2105743e-02,-3.1900078e-02
0.12122693184414857,1.000216956563837,0.0012398293924138946,1510.4940079317096,2.5269997e-03,203786,2002.54356,1729.78170,1.0570553e+04,1.2632037e+01,1.3945442e+03,4.1406536e+00,1.1491295e+04,1.4244155e+01,0,nan,nan,nan,nan,2002.54356,8.8726374e-04,1729.78170,8.7698351e-04,-1.6794641e-02,-2.4485597e-02
0.12261581642883357,1.0015703421982702,0.0012401643796909657,1510.4953968162943,2.5269960e-03,203787,2002.54699,1729.77940,1.0574574e+04,1.2635228e+01,1.3938339e+03,4.1435432e+00,1.1506642e+04,1.4247753e+01,0,nan,nan,nan,nan,2002.54699,8.8807545e-04,1729.77940,8.7930990e-04,-1.1003681e-02,-2.5026236e-02
0.12400470101374594,1.0015668114732965,0.0012410191506753714,1510.4967857008792,2.5269922e-03,203788,2002.54535,1729.77229,1.0584649e+04,1.2643705e+01,1.3977192e+03,4.1486015e+00,1.1506392e+04,1.4257313e+01,0,nan,nan,nan,nan,2002.54535,8.8740839e-04,1729.77229,8.7937136e-04,-1.1040711e-02,-3.3815045e-02
0.12539358583148896,0.9980682230383875,0.0012389980047525016,1510.498174585697,2.5269887e-03,203789,2002.54220,1729.77751,1.0542481e+04,1.2622875e+01,1.3963461e+03,4.1473641e+00,1.1465981e+04,1.4233825e+01,0,nan,nan,nan,nan,2002.54220,8.8840921e-04,1729.77751,8.7981095e-04,-1.7291229e-02,-2.8340718e-02
0.12678247041685609,1.0000676597585527,0.001240070911957215,1510.4995634702823,2.5269850e-03,203790,2002.54603,1729.78012,1.0568290e+04,1.2633562e+01,1.3945897e+03,4.1468229e+00,1.1488729e+04,1.4245875e+01,0,nan,nan,nan,nan,2002.54603,8.8799448e-04,1729.78012,8.7881420e-04,-1.3801133e-02,-2.5809163e-02
0.12817135500176846,1.00156496257918,0.0012416549316744269,1510.5009523548672,2.5269813e-03,203791,2002.54733,1729.77905,1.0589235e+04,1.2649450e+01,1.3910522e+03,4.1417847e+00,1.1505703e+04,1.4263791e+01,0,nan,nan,nan,nan,2002.54733,8.8804233e-04,1729.77905,8.7768619e-04,-1.2086414e-02,-2.6233856e-02
0.12956023958577134,1.0033130596428173,0.0012414421454877795,1510.5023412394512,2.5269776e-03,203792,2002.54872,1729.77692,1.0601446e+04,1.2647028e+01,1.3955885e+03,4.1429830e+00,1.1525553e+04,1.4261060e+01,0,nan,nan,nan,nan,2002.54872,8.8562060e-04,1729.77692,8.7675452e-04,-1.1592914e-02,-2.6645027e-02
0.13094912440419648,0.9982136609087614,0.0012386857757523883,1510.5037301242696,2.5269741e-03,203793,2002.54644,1729.77757,1.0539388e+04,1.2618691e+01,1.3955909e+03,4.1388650e+00,1.1466740e+04,1.4229106e+01,0,nan,nan,nan,nan,2002.54644,8.8929519e-04,1729.77757,8.8114134e-04,-1.2977410e-02,-2.6927080e-02
0.1323380089895636,0.9993022450687186,0.0012399197709533694,1510.505119008855,2.5269703e-03,203794,2002.54218,1729.77253,1.0559003e+04,1.2631002e+01,1.3961963e+03,4.1442084e+00,1.1479009e+04,1.4242988e+01,0,nan,nan,nan,nan,2002.54218,8.8751409e-04,1729.77253,8.7986258e-04,-1.6747328e-02,-3.5703108e-02
0.13372689357379386,0.9987923965151666,0.0012406395242913538,1510.5065078934392,2.5269666e-03,203795,2002.54797,1729.78019,1.0555190e+04,1.2638071e+01,1.3981309e+03,4.1478968e+00,1.1472915e+04,1.4250960e+01,0,nan,nan,nan,nan,2002.54797,8.8781660e-04,1729.78019,8.8007812e-04,-1.1390465e-02,-2.5426971e-02
0.13511577815779674,1.000224429888423,0.0012398133522423078,1510.5078967780232,2.5269629e-03,203796,2002.54583,1729.77794,1.0559596e+04,1.2629395e+01,1.3950067e+03,4.1417465e+00,1.1489127e+04,1.4241177e+01,0,nan,nan,nan,nan,2002.54583,8.8814570e-04,1729.77794,8.7966339e-04,-1.3542362e-02,-2.8216753e-02
0.13650466274339124,1.001142324344145,0.0012403876280549584,1510.5092856626088,2.5269592e-03,203797,2002.54787,1729.77847,1.0572367e+04,1.2634986e+01,1.3975226e+03,4.1462197e+00,1.1499434e+04,1.4247480e+01,0,nan,nan,nan,nan,2002.54787,8.8665460e-04,1729.77847,8.7912398e-04,-1.2807486e-02,-2.6776677e-02
0.13789354732875836,1.0004870436284814,0.001240108043027921,1510.5106745471942,2.5269554e-03,203798,2002.54801,1729.77998,1.0561746e+04,1.2631881e+01,1.3925695e+03,4.1476498e+00,1.1491673e+04,1.4243979e+01,0,nan,nan,nan,nan,2002.54801,8.8710885e-04,1729.77998,8.8004430e-04,-1.0942378e-02,-2.3945322e-02
0.13928243214581926,1.0005552118355776,0.0012406251962380653,1510.5120634320112,2.5269520e-03,203799,2002.54307,1729.77954,1.0566415e+04,1.2636896e+01,1.3983687e+03,4.1475291e+00,1.1492227e+04,1.4249635e+01,0,nan,nan,nan,nan,2002.54307,8.8929525e-04,1729.77954,8.7911519e-04,-1.7043017e-02,-2.5691770e-02
0.14067131673050426,1.0004254147232339,0.0012403959236688819,1510.513452316596,2.5269482e-03,203800,2002.54504,1729.77850,1.0567503e+04,1.2634314e+01,1.3970828e+03,4.1488051e+00,1.1490511e+04,1.4246721e+01,0,nan,nan,nan,nan,2002.54504,8.8750821e-04,1729.77850,8.7911164e-04,-1.4410363e-02,-2.8317591e-02
0.14206020131518926,0.9984581518779498,0.0012395304738689699,1510.5148412011806,2.5269445e-03,203801,2002.54792,1729.77707,1.0541296e+04,1.2625258e+01,1.3957518e+03,4.1527929e+00,1.1467698e+04,1.4236512e+01,0,nan,nan,nan,nan,2002.54792,8.8905153e-04,1729.77707,8.8057440e-04,-1.1527135e-02,-2.7161453e-02
0.14344908590010164,1.000025689819475,0.0012405788308495985,1510.5162300857655,2.5269408e-03,203802,2002.54581,1729.77948,1.0563152e+04,1.2635707e+01,1.3939824e+03,4.1447711e+00,1.1485493e+04,1.4248294e+01,0,nan,nan,nan,nan,2002.54581,8.8945613e-04,1729.77948,8.7960256e-04,-1.3746404e-02,-2.6440168e-02
0.14483797048569613,1.000128422093676,0.0012405628893625187,1510.5176189703511,2.5269371e-03,203803,2002.54551,1729.77542,1.0569420e+04,1.2635326e+01,1.3963690e+03,4.1515007e+00,1.1486476e+04,1.4247865e+01,0,nan,nan,nan,nan,2002.54551,8.8764523e-04,1729.77542,8.7903236e-04,-1.3897670e-02,-3.0048087e-02
0.1462268550706085,0.999927210529547,0.0012405443428936194,1510.519007854936,2.5269333e-03,203804,2002.54959,1729.77968,1.0560077e+04,1.2634933e+01,1.4003356e+03,4.1479969e+00,1.1483978e+04,1.4247421e+01,0,nan,nan,nan,nan,2002.54959,8.8857580e-04,1729.77968,8.7901187e-04,-9.9112419e-03,-2.5188280e-02
0.14761573965438402,1.0016581615792517,0.001240077148548081,1510.5203967395198,2.5269296e-03,203805,2002.54730,1729.77365,1.0572000e+04,1.2629985e+01,1.3851798e+03,4.1396642e+00,1.1503686e+04,1.4241841e+01,0,nan,nan,nan,nan,2002.54730,8.8752457e-04,1729.77365,8.7879790e-04,-1.3282012e-02,-3.3421572e-02
0.1490046242399785,0.9995171831823542,0.0012405102202299684,1510.5217856241054,2.5269259e-03,203806,2002.54541,1729.78150,1.0561919e+04,1.2634225e+01,1.3905132e+03,4.1541233e+00,1.1478941e+04,1.4246623e+01,0,nan,nan,nan,nan,2002.54541,8.8736141e-04,1729.78150,8.7863870e-04,-1.4490316e-02,-2.3216512e-02
0.150393508825573,0.9977579590754514,0.00124011551263006,1510.523174508691,2.5269222e-03,203807,2002.54960,1729.77607,1.0542037e+04,1.2630054e+01,1.4020781e+03,4.1512489e+00,1.1458602e+04,1.4241920e+01,0,nan,nan,nan,nan,2002.54960,8.8963076e-04,1729.77607,8.8107341e-04,-1.0666179e-02,-3.0106235e-02
0.15178239340980326,1.0008922129060123,0.0012402173744201022,1510.5245633932752,2.5269184e-03,203808,2002.54696,1729.77816,1.0567535e+04,1.2630963e+01,1.3951954e+03,4.1428018e+00,1.1494479e+04,1.4242946e+01,0,nan,nan,nan,nan,2002.54696,8.8794268e-04,1729.77816,8.7773311e-04,-1.2950180e-02,-2.6710572e-02
0.15317127799357877,1.0023163760571125,0.0012408227797459565,1510.525952277859,2.5269147e-03,203809,2002.54856,1729.78031,1.0584905e+04,1.2637028e+01,1.3914309e+03,4.1358962e+00,1.1510741e+04,1.4249783e+01,0,nan,nan,nan,nan,2002.54856,8.8605151e-04,1729.78031,8.7835576e-04,-1.2376740e-02,-2.4890009e-02
0.15456016257917327,1.0000076912855187,0.0012405353499934648,1510.5273411624446,2.5269110e-03,203810,2002.54709,1729.77823,1.0554713e+04,1.2634025e+01,1.3996093e+03,4.1477346e+00,1.1484160e+04,1.4246397e+01,0,nan,nan,nan,nan,2002.54709,8.8962918e-04,1729.77823,8.8069832e-04,-1.2185170e-02,-2.3658346e-02
0.15594904716476776,0.9990536198989491,0.0012399760757633618,1510.5287300470302,2.5269073e-03,203811,2002.54762,1729.77909,1.0546186e+04,1.2628285e+01,1.4008192e+03,4.1479883e+00,1.1473164e+04,1.4239925e+01,0,nan,nan,nan,nan,2002.54762,8.8866183e-04,1729.77909,8.8097423e-04,-1.1687083e-02,-2.6507914e-02
0.15733793174899802,1.0001154740265716,0.0012402035407762242,1510.5301189316144,2.5269035e-03,203812,2002.54714,1729.77831,1.0561045e+04,1.2630592e+01,1.3919396e+03,4.1482363e+00,1.1485350e+04,1.4242527e+01,0,nan,nan,nan,nan,2002.54714,8.8780886e-04,1729.77831,8.7986316e-04,-1.4129258e-02,-2.7637091e-02
0.15872681633368302,0.9983753264523556,0.001240093484723661,1510.531507816199,2.5268998e-03,203813,2002.54718,1729.77808,1.0545429e+04,1.2629500e+01,1.4009266e+03,4.1557608e+00,1.1465391e+04,1.4241295e+01,0,nan,nan,nan,nan,2002.54718,8.8858319e-04,1729.77808,8.7947235e-04,-1.3888571e-02,-2.7049035e-02
0.16011570091836802,0.9998019933268517,0.0012400971436265981,1510.5328967007838,2.5268961e-03,203814,2002.54593,1729.77281,1.0558043e+04,1.2629606e+01,1.3925312e+03,4.1448569e+00,1.1481837e+04,1.4241414e+01,0,nan,nan,nan,nan,2002.54593,8.8833919e-04,1729.77281,8.7930221e-04,-1.4348110e-02,-3.4068570e-02
0.1615045855032804,0.9972467488650871,0.001239057066705311,1510.5342855853687,2.5268923e-03,203815,2002.54188,1729.78097,1.0522868e+04,1.2619123e+01,1.3963622e+03,4.1481366e+00,1.1452594e+04,1.4229594e+01,0,nan,nan,nan,nan,2002.54188,8.9114223e-04,1729.78097,8.8129187e-04,-1.7615996e-02,-2.3938598e-02
0.16289347008864752,1.0010109868569084,0.0012417831542946298,1510.535674469954,2.5268886e-03,203816,2002.55015,1729.77884,1.0573302e+04,1.2647048e+01,1.3981550e+03,4.1486187e+00,1.1495969e+04,1.4261083e+01,0,nan,nan,nan,nan,2002.55015,8.8730338e-04,1729.77884,8.7981176e-04,-1.0751628e-02,-2.6494065e-02
0.1642823546735599,0.9988886557706061,0.0012409681672799354,1510.537063354539,2.5268849e-03,203817,2002.54104,1729.77982,1.0555212e+04,1.2638959e+01,1.3964108e+03,4.1525993e+00,1.1471787e+04,1.4251961e+01,0,nan,nan,nan,nan,2002.54104,8.8855106e-04,1729.77982,8.8079262e-04,-1.7204735e-02,-2.7073380e-02
0.16567123925756277,1.0004203255882191,0.001240537973305681,1510.538452239123,2.5268812e-03,203818,2002.54913,1729.77666,1.0561062e+04,1.2634845e+01,1.3951244e+03,4.1523848e+00,1.1489620e+04,1.4247321e+01,0,nan,nan,nan,nan,2002.54913,8.8820438e-04,1729.77666,8.7967864e-04,-1.0540088e-02,-2.7086262e-02
0.16706012384315727,1.0013390412941043,0.0012408645200593642,1510.5398411237086,2.5268774e-03,203819,2002.54665,1729.77681,1.0572381e+04,1.2638495e+01,1.3990439e+03,4.1507301e+00,1.1500468e+04,1.4251438e+01,0,nan,nan,nan,nan,2002.54665,8.8817504e-04,1729.77681,8.7958918e-04,-1.2796101e-02,-2.7331779e-02
0.16844900842875177,0.9997136736523371,0.0012401413114409138,1510.5412300082942,2.5268737e-03,203820,2002.54833,1729.77883,1.0558522e+04,1.2631518e+01,1.3959464e+03,4.1474996e+00,1.1482153e+04,1.4243571e+01,0,nan,nan,nan,nan,2002.54833,8.8856241e-04,1729.77883,8.7892934e-04,-1.1256655e-02,-2.5603388e-02
0.16983789301275465,1.0013482693366673,0.0012409584634290227,1510.5426188928782,2.5268700e-03,203821,2002.54288,1729.78166,1.0571402e+04,1.2640300e+01,1.3961317e+03,4.1512456e+00,1.1501344e+04,1.4253472e+01,0,nan,nan,nan,nan,2002.54288,8.8852987e-04,1729.78166,8.7891606e-04,-1.5851973e-02,-2.4461839e-02
0.17122677759766702,1.0008997822911694,0.001240405995029927,1510.544007777463,2.5268663e-03,203822,2002.54623,1729.77865,1.0565191e+04,1.2635200e+01,1.4001139e+03,4.1473236e+00,1.1496674e+04,1.4247723e+01,0,nan,nan,nan,nan,2002.54623,8.8814821e-04,1729.77865,8.7938528e-04,-1.2891740e-02,-2.6592147e-02
0.17261566218303415,0.9991619350123166,0.0012394741525951598,1510.5453966620485,2.5268625e-03,203823,2002.54413,1729.77854,1.0555155e+04,1.2626314e+01,1.3966199e+03,4.1442699e+00,1.1477264e+04,1.4237702e+01,0,nan,nan,nan,nan,2002.54413,8.8825426e-04,1729.77854,8.7947166e-04,-1.6245838e-02,-2.7472429e-02
0.17400454676794652,0.9983781522261509,0.0012397033431826915,1510.5467855466334,2.5268588e-03,203824,2002.54669,1729.77561,1.0549036e+04,1.2629339e+01,1.4010315e+03,4.1502900e+00,1.1468886e+04,1.4241113e+01,0,nan,nan,nan,nan,2002.54669,8.8862330e-04,1729.77561,8.8093267e-04,-1.2249562e-02,-3.0662727e-02
0.17539343111911876,0.999762265967523,0.001240783677260079,1510.5481744309845,2.5268549e-03,203825,2002.54631,1729.77617,1.0564803e+04,1.2641121e+01,1.3942963e+03,4.1540504e+00,1.1485491e+04,1.4254398e+01,0,nan,nan,nan,nan,2002.54631,8.8997948e-04,1729.77617,8.7901909e-04,-1.1799006e-02,-2.9724659e-02
0.17678231570403113,1.0003700949277412,0.0012398833923540943,1510.5495633155695,2.5268511e-03,203826,2002.54524,1729.77818,1.0565940e+04,1.2632817e+01,1.3984658e+03,4.1442709e+00,1.1493265e+04,1.4245035e+01,0,nan,nan,nan,nan,2002.54524,8.8782172e-04,1729.77818,8.7899464e-04,-1.5063697e-02,-2.5256332e-02
0.17817120028939826,0.9996117040416914,0.0012397883099634,1510.5509522001548,2.5268474e-03,203827,2002.54431,1729.77567,1.0563846e+04,1.2632814e+01,1.3999136e+03,4.1455984e+00,1.1485430e+04,1.4245032e+01,0,nan,nan,nan,nan,2002.54431,8.8822329e-04,1729.77567,8.7925670e-04,-1.5157516e-02,-3.0177340e-02
0.17956008487431063,1.0002823426483498,0.001240300138369933,1510.5523410847397,2.5268437e-03,203828,2002.54875,1729.78130,1.0583568e+04,1.2639102e+01,1.3971958e+03,4.1406975e+00,1.1494109e+04,1.4252121e+01,0,nan,nan,nan,nan,2002.54875,8.8626693e-04,1729.78130,8.7779801e-04,-1.2264095e-02,-2.4122924e-02
0.18094896945899563,1.0018090133912696,0.0012394864491507482,1510.5537299693244,2.5268400e-03,203829,2002.54634,1729.77889,1.0568888e+04,1.2631989e+01,1.3902325e+03,4.1415720e+00,1.1512727e+04,1.4244101e+01,0,nan,nan,nan,nan,2002.54634,8.8754308e-04,1729.77889,8.8018365e-04,-1.3489282e-02,-2.3137996e-02
0.18233785404368064,0.9991216450162398,0.0012402003494661697,1510.555118853909,2.5268362e-03,203830,2002.54300,1729.77889,1.0562870e+04,1.2640561e+01,1.4025841e+03,4.1543937e+00,1.1483021e+04,1.4253767e+01,0,nan,nan,nan,nan,2002.54300,8.8870880e-04,1729.77889,8.8005199e-04,-1.4693489e-02,-2.3889111e-02
0.18372673839508025,1.0010033121231299,0.0012391283237358354,1510.5565077382605,2.5268323e-03,203831,2002.54738,1729.77629,1.0575075e+04,1.2631051e+01,1.3866608e+03,4.1345525e+00,1.1505938e+04,1.4243043e+01,0,nan,nan,nan,nan,2002.54738,8.8654296e-04,1729.77629,8.7893778e-04,-1.4112908e-02,-2.9259268e-02
0.18511562298067474,0.9991544886976691,0.0012388569316240177,1510.557896622846,2.5268286e-03,203832,2002.54610,1729.77857,1.0562249e+04,1.2629828e+01,1.3942268e+03,4.1429882e+00,1.1486092e+04,1.4241665e+01,0,nan,nan,nan,nan,2002.54610,8.8788103e-04,1729.77857,8.7931962e-04,-1.4792933e-02,-2.8608646e-02
